Date,vix,Position,Action,PE_Long_Time,PE_Short_Time,CE_Short_Time,CE_Long_Time,Index Value,PE_Long_Strike,PE_Short_Strike,CE_Short_Strike,CE_Long_Strike,ExpiryDate,DaysToExpiry,Day,PE_Long_Premium,PE_Short_Premium,CE_Short_Premium,CE_Long_Premium,PE_Long_Stoploss,PE_Short_Stoploss,CE_Short_Stoploss,CE_Long_Stoploss,PE_Short_target,CE_Short_target,PE_Long_Exit,PE_Short_Exit,CE_Short_Exit,CE_Long_Exit,Premium
2024-06-04,26.78,1,Short,14:30:00,14:30:00,14:30:00,14:30:00,21909.85,21000.0,21400,22400,23150,2024-06-06 00:00:00,2,Tuesday,93.15,180.1,158.4,79.55,0,360.2,316.8,0,54.03,47.52,,,,,165.8
2024-06-04,,0,Long,2024-06-05 09:43:00,2024-06-05 09:43:00,2024-06-05 09:21:00,2024-06-05 09:21:00,,21000.0,21400,22400,23150,2024-06-06 00:00:00,2,Tuesday,"[17.6, 17.6]","[51.75, 51.75]","[39.1, 39.1]","[53.85, 53.85]",0,,,0,,,Exit,Target hit,Target hit,Exit,-19.39999999999999
2024-06-11,14.82,1,Short,14:30:00,14:30:00,14:30:00,14:30:00,23345.45,22900.0,23050,23650,23750,2024-06-13 00:00:00,2,Tuesday,17.45,33.5,19.3,8.65,0,67.0,38.6,0,10.05,5.79,,,,,26.7
2024-06-11,,0,Long,2024-06-13 09:15:00,2024-06-13 09:15:00,2024-06-12 15:01:00,2024-06-12 15:01:00,,22900.0,23050,23650,23750,2024-06-13 00:00:00,2,Tuesday,"[2.5, 2.5]","[7.4, 7.4]","[5.6, 5.6]","[2.15, 2.15]",0,,,0,,,Exit,Target hit,Target hit,Exit,-8.35
2024-06-18,12.93,1,Short,14:30:00,14:30:00,14:30:00,14:30:00,23539.35,23150.0,23300,23800,23850,2024-06-20 00:00:00,2,Tuesday,8.0,18.3,8.55,5.05,0,36.6,17.1,0,5.49,2.565,,,,,13.8
2024-06-18,,0,Long,2024-06-19 10:25:00,2024-06-19 10:25:00,2024-06-19 14:33:00,2024-06-19 14:33:00,,23150.0,23300,23800,23850,2024-06-20 00:00:00,2,Tuesday,"[15.6, 0.2]","[40.0, 0.25]","[20.45, 0.15]","[12.55, 0.1]",0,,,0,,,Exit,SL hit,SL hit,Exit,-32.300000000000004
2024-06-25,14.25,1,Short,14:30:00,14:30:00,14:30:00,14:30:00,23693.55,23250.0,23400,24000,24100,2024-06-27 00:00:00,2,Tuesday,14.65,27.45,13.55,5.55,0,54.9,27.1,0,8.235,4.065,,,,,20.8
2024-06-25,,0,Long,2024-06-26 11:58:00,2024-06-26 11:58:00,2024-06-26 11:34:00,2024-06-26 11:34:00,,23250.0,23400,24000,24100,2024-06-27 00:00:00,2,Tuesday,"[4.6, 4.6]","[8.2, 8.2]","[29.45, 44.05]","[12.0, 3.25]",0,,,0,,,Exit,Target hit,SL hit,Exit,-21.05
2024-07-02,13.7,1,Short,14:30:00,14:30:00,14:30:00,14:30:00,24123.85,23650.0,23800,24400,24500,2024-07-04 00:00:00,2,Tuesday,8.75,18.95,18.4,7.6,0,37.9,36.8,0,5.685,5.52,,,,,20.999999999999996
2024-07-02,,0,Long,2024-07-03 10:42:00,2024-07-03 10:42:00,2024-07-03 09:15:00,2024-07-03 09:15:00,,23650.0,23800,24400,24500,2024-07-04 00:00:00,2,Tuesday,"[3.35, 3.35]","[5.6, 5.6]","[45.05, 0.3]","[14.0, 0.25]",0,,,0,,,Exit,Target hit,SL hit,Exit,-33.3
2024-07-09,14.39,1,Short,14:30:00,14:30:00,14:30:00,14:30:00,24413.2,23950.0,24100,24700,24750,2024-07-11 00:00:00,2,Tuesday,4.9,10.15,8.45,4.85,0,20.3,16.9,0,3.045,2.535,,,,,8.850000000000001
2024-07-09,,0,Long,2024-07-10 10:21:00,2024-07-10 10:21:00,2024-07-10 13:01:00,2024-07-10 13:01:00,,23950.0,24100,24700,24750,2024-07-11 00:00:00,2,Tuesday,"[8.85, 0.1]","[23.65, 0.1]","[2.45, 2.45]","[1.75, 1.75]",0,,,0,,,Exit,SL hit,Target hit,Exit,-15.499999999999998
2024-07-16,14.26,1,Short,14:30:00,14:30:00,14:30:00,14:30:00,24607.95,24200.0,24300,24900,25000,2024-07-18 00:00:00,2,Tuesday,4.35,8.25,3.2,1.35,0,16.5,6.4,0,2.475,0.96,,,,,5.75
2024-07-16,,0,Long,2024-07-18 09:47:00,2024-07-18 09:47:00,2024-07-18 09:25:00,2024-07-18 09:25:00,,24200.0,24300,24900,25000,2024-07-18 00:00:00,2,Tuesday,"[1.2, 1.2]","[2.3, 2.3]","[0.9, 0.9]","[0.6, 0.6]",0,,,0,,,Exit,Target hit,Target hit,Exit,-1.4
2024-07-23,13.16,1,Short,14:30:00,14:30:00,14:30:00,14:30:00,24442.4,24000.0,24150,24750,24900,2024-07-25 00:00:00,2,Tuesday,18.7,35.85,31.7,16.15,0,71.7,63.4,0,10.755,9.51,,,,,32.7
2024-07-23,,0,Long,2024-07-25 10:31:00,2024-07-25 10:31:00,2024-07-24 12:20:00,2024-07-24 12:20:00,,24000.0,24150,24750,24900,2024-07-25 00:00:00,2,Tuesday,"[3.2, 3.2]","[10.05, 10.05]","[9.4, 9.4]","[4.2, 4.2]",0,,,0,,,Exit,Target hit,Target hit,Exit,-12.050000000000002
2024-07-30,12.83,1,Short,14:30:00,14:30:00,14:30:00,14:30:00,24951.6,24500.0,24650,25250,25350,2024-08-01 00:00:00,2,Tuesday,9.25,19.0,9.2,3.65,0,38.0,18.4,0,5.7,2.76,,,,,15.3
2024-07-30,,0,Long,2024-08-01 09:16:00,2024-08-01 09:16:00,2024-08-01 09:56:00,2024-08-01 09:56:00,,24500.0,24650,25250,25350,2024-08-01 00:00:00,2,Tuesday,"[1.6, 1.6]","[3.95, 3.95]","[2.45, 2.45]","[0.95, 0.95]",0,,,0,,,Exit,Target hit,Target hit,Exit,-3.850000000000001
2024-08-06,18.71,1,Short,14:30:00,14:30:00,14:30:00,14:30:00,24036.75,23350.0,23650,24450,24600,2024-08-08 00:00:00,2,Tuesday,22.5,44.95,19.75,9.2,0,89.9,39.5,0,13.485,5.925,,,,,33.0
2024-08-06,,0,Long,2024-08-07 09:15:00,2024-08-07 09:15:00,2024-08-07 09:15:00,2024-08-07 09:15:00,,23350.0,23650,24450,24600,2024-08-08 00:00:00,2,Tuesday,"[15.0, 15.0]","[9.3, 9.3]","[40.05, 0.35]","[20.8, 0.3]",0,,,0,,,Exit,Target hit,SL hit,Exit,-13.549999999999995
2024-08-13,15.99,1,Short,14:30:00,14:30:00,14:30:00,14:30:00,24170.9,23800.0,23900,24400,24500,2024-08-14 00:00:00,1,Tuesday,8.4,16.75,20.75,10.25,0,33.5,41.5,0,5.025,6.225,,,,,18.85
2024-08-13,,0,Long,2024-08-14 09:44:00,2024-08-14 09:44:00,2024-08-14 09:26:00,2024-08-14 09:26:00,,23800.0,23900,24400,24500,2024-08-14 00:00:00,1,Tuesday,"[2.05, 2.05]","[4.95, 4.95]","[6.1, 6.1]","[2.65, 2.65]",0,,,0,,,Exit,Target hit,Target hit,Exit,-6.350000000000001
2024-08-20,13.87,1,Short,14:30:00,14:30:00,14:30:00,14:30:00,24715.2,24300.0,24400,25000,25050,2024-08-22 00:00:00,2,Tuesday,7.0,12.4,6.25,3.75,0,24.8,12.5,0,3.72,1.875,,,,,7.899999999999999
2024-08-20,,0,Long,2024-08-21 15:02:00,2024-08-21 15:02:00,2024-08-22 11:04:00,2024-08-22 11:04:00,,24300.0,24400,25000,25050,2024-08-22 00:00:00,2,Tuesday,"[2.3, 2.3]","[3.65, 3.65]","[1.85, 1.85]","[1.1, 1.1]",0,,,0,,,Exit,Target hit,Target hit,Exit,-2.1
2024-08-27,13.63,1,Short,14:30:00,14:30:00,14:30:00,14:30:00,25046.95,24650.0,24750,25350,25450,2024-08-29 00:00:00,2,Tuesday,5.35,9.7,4.8,2.1,0,19.4,9.6,0,2.91,1.44,,,,,7.050000000000001
2024-08-27,,0,Long,2024-08-29 09:15:00,2024-08-29 09:15:00,2024-08-29 09:16:00,2024-08-29 09:16:00,,24650.0,24750,25350,25450,2024-08-29 00:00:00,2,Tuesday,"[0.9, 0.9]","[2.9, 2.9]","[1.05, 1.05]","[0.6, 0.6]",0,,,0,,,Exit,Target hit,Target hit,Exit,-2.45
2024-09-03,13.72,1,Short,14:30:00,14:30:00,14:30:00,14:30:00,25273.3,24800.0,24950,25550,25600,2024-09-05 00:00:00,2,Tuesday,4.35,9.0,10.25,6.05,0,18.0,20.5,0,2.7,3.075,,,,,8.850000000000001
2024-09-03,,0,Long,2024-09-04 09:15:00,2024-09-04 09:15:00,2024-09-04 09:16:00,2024-09-04 09:16:00,,24800.0,24950,25550,25600,2024-09-05 00:00:00,2,Tuesday,"[8.8, 0.1]","[30.35, 0.15]","[3.05, 3.05]","[2.25, 2.25]",0,,,0,,,Exit,SL hit,Target hit,Exit,-22.35
2024-09-10,13.47,1,Short,14:30:00,14:30:00,14:30:00,14:30:00,25113.2,24650.0,24800,25400,25500,2024-09-12 00:00:00,2,Tuesday,5.95,12.95,7.8,3.5,0,25.9,15.6,0,3.885,2.34,,,,,11.3
2024-09-10,,0,Long,2024-09-11 09:27:00,2024-09-11 09:27:00,2024-09-11 13:43:00,2024-09-11 13:43:00,,24650.0,24800,25400,25500,2024-09-12 00:00:00,2,Tuesday,"[8.7, 0.45]","[28.2, 0.65]","[2.3, 2.3]","[1.3, 1.3]",0,,,0,,,Exit,SL hit,Target hit,Exit,-20.5
2024-09-17,12.54,1,Short,14:30:00,14:30:00,14:30:00,14:30:00,25428.35,24950.0,25150,25750,25850,2024-09-19 00:00:00,2,Tuesday,11.85,25.8,8.55,4.2,0,51.6,17.1,0,7.74,2.565,,,,,18.3
2024-09-17,,0,Long,2024-09-18 13:36:00,2024-09-18 13:36:00,2024-09-18 10:45:00,2024-09-18 10:45:00,,24950.0,25150,25750,25850,2024-09-19 00:00:00,2,Tuesday,"[24.65, 0.25]","[55.35, 0.35]","[19.3, 0.35]","[10.9, 0.35]",0,,,0,,,Exit,SL hit,SL hit,Exit,-39.10000000000001
2024-09-24,13.48,1,Short,14:30:00,14:30:00,14:30:00,14:30:00,25974.1,25450.0,25650,26250,26350,2024-09-26 00:00:00,2,Tuesday,10.9,21.45,14.9,7.25,0,42.9,29.8,0,6.435,4.47,,,,,18.200000000000003
2024-09-24,,0,Long,2024-09-25 15:12:00,2024-09-25 15:12:00,2024-09-25 12:06:00,2024-09-25 12:06:00,,25450.0,25650,26250,26350,2024-09-26 00:00:00,2,Tuesday,"[3.55, 3.55]","[6.4, 6.4]","[4.45, 4.45]","[3.05, 3.05]",0,,,0,,,Exit,Target hit,Target hit,Exit,-4.250000000000002
2024-02-06,15.89,1,Short,14:30:00,14:30:00,14:30:00,14:30:00,21912.0,21450.0,21600,22200,22300,2024-02-08 00:00:00,2,Tuesday,17.4,33.95,25.75,12.9,0,67.9,51.5,0,10.185,7.725,,,,,29.40000000000001
2024-02-06,,0,Long,2024-02-07 13:41:00,2024-02-07 13:41:00,2024-02-08 09:16:00,2024-02-08 09:16:00,,21450.0,21600,22200,22300,2024-02-08 00:00:00,2,Tuesday,"[3.3, 3.3]","[9.6, 9.6]","[7.05, 7.05]","[2.2, 2.2]",0,,,0,,,Exit,Target hit,Target hit,Exit,-11.15
2024-02-13,15.85,1,Short,14:30:00,14:30:00,14:30:00,14:30:00,21742.4,21300.0,21450,22050,22150,2024-02-15 00:00:00,2,Tuesday,13.05,27.8,15.6,6.55,0,55.6,31.2,0,8.34,4.68,,,,,23.8
2024-02-13,,0,Long,2024-02-14 09:16:00,2024-02-14 09:16:00,2024-02-14 09:16:00,2024-02-14 09:16:00,,21300.0,21450,22050,22150,2024-02-15 00:00:00,2,Tuesday,"[27.85, 0.1]","[60.1, 0.2]","[3.5, 3.5]","[1.95, 1.95]",0,,,0,,,Exit,SL hit,Target hit,Exit,-33.8
2024-02-20,16.17,1,Short,14:30:00,14:30:00,14:30:00,14:30:00,22149.2,21700.0,21850,22450,22500,2024-02-22 00:00:00,2,Tuesday,12.45,26.5,14.9,9.25,0,53.0,29.8,0,7.949999999999999,4.47,,,,,19.7
2024-02-20,,0,Long,2024-02-21 12:35:00,2024-02-21 12:35:00,2024-02-21 14:04:00,2024-02-21 14:04:00,,21700.0,21850,22450,22500,2024-02-22 00:00:00,2,Tuesday,"[3.7, 3.7]","[7.65, 7.65]","[4.45, 4.45]","[3.35, 3.35]",0,,,0,,,Exit,Target hit,Target hit,Exit,-5.050000000000001
2024-02-27,15.76,1,Short,14:30:00,14:30:00,14:30:00,14:30:00,22154.55,21750.0,21850,22450,22550,2024-02-29 00:00:00,2,Tuesday,10.25,19.7,17.6,7.85,0,39.4,35.2,0,5.909999999999999,5.28,,,,,19.2
2024-02-27,,0,Long,2024-02-28 11:05:00,2024-02-28 11:05:00,2024-02-28 11:26:00,2024-02-28 11:26:00,,21750.0,21850,22450,22550,2024-02-29 00:00:00,2,Tuesday,"[21.1, 0.6]","[39.8, 2.15]","[5.25, 5.25]","[2.5, 2.5]",0,,,0,,,Exit,SL hit,Target hit,Exit,-21.45
2024-03-05,14.46,1,Short,14:30:00,14:30:00,14:30:00,14:30:00,22347.55,21950.0,22050,22650,22750,2024-03-07 00:00:00,2,Tuesday,11.35,19.95,9.35,3.8,0,39.9,18.7,0,5.984999999999999,2.805,,,,,14.15
2024-03-05,,0,Long,2024-03-06 14:30:00,2024-03-06 14:30:00,2024-03-06 13:03:00,2024-03-06 13:03:00,,21950.0,22050,22650,22750,2024-03-07 00:00:00,2,Tuesday,"[3.8, 3.8]","[5.7, 5.7]","[2.8, 2.8]","[1.75, 1.75]",0,,,0,,,Exit,Target hit,Target hit,Exit,-2.95
2024-03-12,13.72,1,Short,14:30:00,14:30:00,14:30:00,14:30:00,22348.7,22000.0,22100,22600,22700,2024-03-14 00:00:00,2,Tuesday,11.25,20.9,27.2,11.65,0,41.8,54.4,0,6.27,8.16,,,,,25.2
2024-03-12,,0,Long,2024-03-13 11:24:00,2024-03-13 11:24:00,2024-03-13 11:24:00,2024-03-13 11:24:00,,22000.0,22100,22600,22700,2024-03-14 00:00:00,2,Tuesday,"[22.3, 0.45]","[43.45, 3.1]","[8.05, 8.05]","[3.75, 3.75]",0,,,0,,,Exit,SL hit,Target hit,Exit,-25.45
2024-03-19,14.19,1,Short,14:30:00,14:30:00,14:30:00,14:30:00,21824.25,21450.0,21550,22050,22150,2024-03-21 00:00:00,2,Tuesday,11.3,22.45,32.65,17.75,0,44.9,65.3,0,6.734999999999999,9.795,,,,,26.049999999999997
2024-03-19,,0,Long,2024-03-20 12:52:00,2024-03-20 12:52:00,2024-03-21 12:10:00,2024-03-21 12:10:00,,21450.0,21550,22050,22150,2024-03-21 00:00:00,2,Tuesday,"[3.35, 3.35]","[6.6, 6.6]","[8.55, 8.55]","[2.3, 2.3]",0,,,0,,,Exit,Target hit,Target hit,Exit,-9.5
2024-03-26,12.69,1,Short,14:30:00,14:30:00,14:30:00,14:30:00,22045.2,21700.0,21800,22300,22350,2024-03-28 00:00:00,2,Tuesday,9.8,17.55,23.2,14.05,0,35.1,46.4,0,5.265,6.96,,,,,16.9
2024-03-26,,0,Long,2024-03-27 11:48:00,2024-03-27 11:48:00,2024-03-28 09:49:00,2024-03-28 09:49:00,,21700.0,21800,22300,22350,2024-03-28 00:00:00,2,Tuesday,"[3.15, 3.15]","[5.25, 5.25]","[63.75, 156.5]","[37.55, 108.15]",0,,,0,,,Exit,Target hit,SL hit,Exit,-28.300000000000004
2024-04-02,11.64,1,Short,14:30:00,14:30:00,14:30:00,14:30:00,22421.5,22050.0,22150,22650,22750,2024-04-04 00:00:00,2,Tuesday,6.6,13.1,18.1,7.7,0,26.2,36.2,0,3.93,5.430000000000001,,,,,16.900000000000002
2024-04-02,,0,Long,2024-04-03 15:17:00,2024-04-03 15:17:00,2024-04-04 09:55:00,2024-04-04 09:55:00,,22050.0,22150,22650,22750,2024-04-04 00:00:00,2,Tuesday,"[1.8, 1.8]","[3.75, 3.75]","[5.35, 5.35]","[2.3, 2.3]",0,,,0,,,Exit,Target hit,Target hit,Exit,-5.0
2024-04-09,11.47,1,Short,14:30:00,14:30:00,14:30:00,14:30:00,22651.4,22400.0,22500,22800,22850,2024-04-10 00:00:00,1,Tuesday,8.35,17.9,15.2,7.95,0,35.8,30.4,0,5.369999999999999,4.56,,,,,16.799999999999994
2024-04-09,,0,Long,2024-04-10 10:15:00,2024-04-10 10:15:00,2024-04-10 11:25:00,2024-04-10 11:25:00,,22400.0,22500,22800,22850,2024-04-10 00:00:00,1,Tuesday,"[2.65, 2.65]","[5.0, 5.0]","[4.55, 4.55]","[2.3, 2.3]",0,,,0,,,Exit,Target hit,Target hit,Exit,-4.600000000000001
2024-04-16,12.65,1,Short,14:30:00,14:30:00,14:30:00,14:30:00,22132.95,21800.0,21900,22400,22500,2024-04-18 00:00:00,2,Tuesday,10.5,19.55,7.5,3.5,0,39.1,15.0,0,5.865,2.25,,,,,13.05
2024-04-16,,0,Long,2024-04-18 09:15:00,2024-04-18 09:15:00,2024-04-18 10:22:00,2024-04-18 10:22:00,,21800.0,21900,22400,22500,2024-04-18 00:00:00,2,Tuesday,"[4.7, 4.7]","[5.0, 5.0]","[2.2, 2.2]","[1.05, 1.05]",0,,,0,,,Exit,Target hit,Target hit,Exit,-1.4500000000000002
2024-04-23,10.06,1,Short,14:30:00,14:30:00,14:30:00,14:30:00,22396.5,22050.0,22200,22600,22650,2024-04-25 00:00:00,2,Tuesday,12.65,28.4,16.55,9.9,0,56.8,33.1,0,8.52,4.965,,,,,22.4
2024-04-23,,0,Long,2024-04-24 14:22:00,2024-04-24 14:22:00,2024-04-25 09:15:00,2024-04-25 09:15:00,,22050.0,22200,22600,22650,2024-04-25 00:00:00,2,Tuesday,"[3.8, 3.8]","[8.35, 8.35]","[3.2, 3.2]","[2.2, 2.2]",0,,,0,,,Exit,Target hit,Target hit,Exit,-5.550000000000001
2024-04-30,12.95,1,Short,14:30:00,14:30:00,14:30:00,14:30:00,22773.45,22350.0,22500,23000,23100,2024-05-02 00:00:00,2,Tuesday,8.15,17.05,10.4,4.2,0,34.1,20.8,0,5.115,3.12,,,,,15.1
2024-04-30,,0,Long,2024-04-30 15:05:00,2024-04-30 15:05:00,2024-04-30 15:16:00,2024-04-30 15:16:00,,22350.0,22500,23000,23100,2024-05-02 00:00:00,2,Tuesday,"[11.85, 0.25]","[35.15, 0.4]","[3.1, 3.1]","[1.35, 1.35]",0,,,0,,,Exit,SL hit,Target hit,Exit,-25.05
2024-05-07,17.15,1,Short,14:30:00,14:30:00,14:30:00,14:30:00,22261.55,21800.0,21900,22600,22750,2024-05-09 00:00:00,2,Tuesday,7.1,14.05,18.3,8.65,0,28.1,36.6,0,4.215,5.49,,,,,16.6
2024-05-07,,0,Long,2024-05-08 12:21:00,2024-05-08 12:21:00,2024-05-08 14:40:00,2024-05-08 14:40:00,,21800.0,21900,22600,22750,2024-05-09 00:00:00,2,Tuesday,"[2.55, 2.55]","[4.1, 4.1]","[5.4, 5.4]","[1.9, 1.9]",0,,,0,,,Exit,Target hit,Target hit,Exit,-5.050000000000001
2024-05-14,20.18,1,Short,14:30:00,14:30:00,14:30:00,14:30:00,22256.3,21650.0,21850,22650,22750,2024-05-16 00:00:00,2,Tuesday,5.4,11.7,4.4,2.1,0,23.4,8.8,0,3.51,1.32,,,,,8.600000000000001
2024-05-14,,0,Long,2024-05-15 15:01:00,2024-05-15 15:01:00,2024-05-15 14:32:00,2024-05-15 14:32:00,,21650.0,21850,22650,22750,2024-05-16 00:00:00,2,Tuesday,"[1.6, 1.6]","[3.45, 3.45]","[1.3, 1.3]","[1.05, 1.05]",0,,,0,,,Exit,Target hit,Target hit,Exit,-2.1
2024-05-21,21.77,1,Short,14:30:00,14:30:00,14:30:00,14:30:00,22540.25,21900.0,22100,23000,23150,2024-05-23 00:00:00,2,Tuesday,4.6,9.85,3.05,1.45,0,19.7,6.1,0,2.955,0.915,,,,,6.849999999999999
2024-05-21,,0,Long,2024-05-22 15:03:00,2024-05-22 15:03:00,2024-05-22 14:54:00,2024-05-22 14:54:00,,21900.0,22100,23000,23150,2024-05-23 00:00:00,2,Tuesday,"[1.15, 1.15]","[2.55, 2.55]","[0.9, 0.9]","[0.55, 0.55]",0,,,0,,,Exit,Target hit,Target hit,Exit,-1.7499999999999998
2024-05-28,24.07,1,Short,14:30:00,14:30:00,14:30:00,14:30:00,22921.6,22200.0,22400,23400,23550,2024-05-30 00:00:00,2,Tuesday,3.95,8.45,8.75,4.5,0,16.9,17.5,0,2.535,2.625,,,,,8.75
2024-05-28,,0,Long,2024-05-29 10:25:00,2024-05-29 10:25:00,2024-05-29 14:05:00,2024-05-29 14:05:00,,22200.0,22400,23400,23550,2024-05-30 00:00:00,2,Tuesday,"[5.2, 0.25]","[16.9, 15.5]","[2.6, 2.6]","[1.9, 1.9]",0,,,0,,,Exit,SL hit,Target hit,Exit,-12.4
2023-10-03,11.84,1,Short,14:30:00,14:30:00,14:30:00,14:30:00,19531.05,19250.0,19350,19750,19850,2023-10-05 00:00:00,2,Tuesday,5.0,12.45,9.7,3.95,0,24.9,19.4,0,3.735,2.91,,,,,13.2
2023-10-03,,0,Long,2023-10-04 09:16:00,2023-10-04 09:16:00,2023-10-04 10:26:00,2023-10-04 10:26:00,,19250.0,19350,19750,19850,2023-10-05 00:00:00,2,Tuesday,"[13.25, 0.05]","[35.8, 0.1]","[2.9, 2.9]","[2.15, 2.15]",0,,,0,,,Exit,SL hit,Target hit,Exit,-23.3
2023-10-10,11.29,1,Short,14:30:00,14:30:00,14:30:00,14:30:00,19714.6,19350.0,19500,19900,19950,2023-10-12 00:00:00,2,Tuesday,8.65,18.65,11.95,6.5,0,37.3,23.9,0,5.595,3.5849999999999995,,,,,15.449999999999998
2023-10-10,,0,Long,2023-10-11 10:26:00,2023-10-11 10:26:00,2023-10-11 09:33:00,2023-10-11 09:33:00,,19350.0,19500,19900,19950,2023-10-12 00:00:00,2,Tuesday,"[3.55, 3.55]","[5.45, 5.45]","[24.95, 0.15]","[13.6, 0.1]",0,,,0,,,Exit,Target hit,SL hit,Exit,-13.25
2023-10-17,10.8,1,Short,14:30:00,14:30:00,14:30:00,14:30:00,19789.1,19500.0,19600,20000,20050,2023-10-19 00:00:00,2,Tuesday,6.2,13.95,8.45,4.95,0,27.9,16.9,0,4.185,2.535,,,,,11.249999999999998
2023-10-17,,0,Long,2023-10-19 09:15:00,2023-10-19 09:15:00,2023-10-18 14:13:00,2023-10-18 14:13:00,,19500.0,19600,20000,20050,2023-10-19 00:00:00,2,Tuesday,"[13.0, 0.2]","[49.75, 0.65]","[2.5, 2.5]","[1.95, 1.95]",0,,,0,,,Exit,SL hit,Target hit,Exit,-37.3
2023-10-31,11.57,1,Short,14:30:00,14:30:00,14:30:00,14:30:00,19135.5,18800.0,18950,19350,19450,2023-11-02 00:00:00,2,Tuesday,6.35,14.1,14.95,6.0,0,28.2,29.9,0,4.23,4.484999999999999,,,,,16.699999999999996
2023-10-31,,0,Long,2023-10-31 15:06:00,2023-10-31 15:06:00,2023-11-01 09:57:00,2023-11-01 09:57:00,,18800.0,18950,19350,19450,2023-11-02 00:00:00,2,Tuesday,"[11.2, 0.15]","[28.9, 0.15]","[4.3, 4.3]","[2.6, 2.6]",0,,,0,,,Exit,SL hit,Target hit,Exit,-19.4
2023-11-07,11.25,1,Short,14:30:00,14:30:00,14:30:00,14:30:00,19387.15,19100.0,19200,19600,19650,2023-11-09 00:00:00,2,Tuesday,5.65,10.8,7.8,4.5,0,21.6,15.6,0,3.24,2.34,,,,,8.450000000000001
2023-11-07,,0,Long,2023-11-08 13:53:00,2023-11-08 13:53:00,2023-11-09 09:15:00,2023-11-09 09:15:00,,19100.0,19200,19600,19650,2023-11-09 00:00:00,2,Tuesday,"[2.2, 2.2]","[3.1, 3.1]","[2.25, 2.25]","[1.4, 1.4]",0,,,0,,,Exit,Target hit,Target hit,Exit,-1.7499999999999996
2023-11-21,12.26,1,Short,14:30:00,14:30:00,14:30:00,14:30:00,19785.9,19500.0,19600,20000,20050,2023-11-23 00:00:00,2,Tuesday,4.8,10.0,10.15,6.0,0,20.0,20.3,0,3.0,3.045,,,,,9.349999999999998
2023-11-21,,0,Long,2023-11-22 12:27:00,2023-11-22 12:27:00,2023-11-22 13:01:00,2023-11-22 13:01:00,,19500.0,19600,20000,20050,2023-11-23 00:00:00,2,Tuesday,"[9.9, 0.1]","[23.3, 0.15]","[2.9, 2.9]","[2.15, 2.15]",0,,,0,,,Exit,SL hit,Target hit,Exit,-14.15
2023-11-28,12.1,1,Short,14:30:00,14:30:00,14:30:00,14:30:00,19870.9,19500.0,19650,20050,20100,2023-11-30 00:00:00,2,Tuesday,3.65,7.05,15.8,7.3,0,14.1,31.6,0,2.115,4.74,,,,,11.900000000000002
2023-11-28,,0,Long,2023-11-30 09:15:00,2023-11-30 09:15:00,2023-11-29 09:22:00,2023-11-29 09:22:00,,19500.0,19650,20050,20100,2023-11-30 00:00:00,2,Tuesday,"[2.0, 2.0]","[1.4, 1.4]","[34.05, 80.65]","[17.45, 36.0]",0,,,0,,,Exit,Target hit,SL hit,Exit,-15.999999999999996
2023-12-05,13.52,1,Short,14:30:00,14:30:00,14:30:00,14:30:00,20808.95,20350.0,20550,21050,21150,2023-12-07 00:00:00,2,Tuesday,6.6,14.05,20.55,11.4,0,28.1,41.1,0,4.215,6.165,,,,,16.6
2023-12-05,,0,Long,2023-12-06 13:38:00,2023-12-06 13:38:00,2023-12-06 09:16:00,2023-12-06 09:16:00,,20350.0,20550,21050,21150,2023-12-07 00:00:00,2,Tuesday,"[2.4, 2.4]","[4.2, 4.2]","[45.5, 0.1]","[22.45, 0.15]",0,,,0,,,Exit,Target hit,SL hit,Exit,-24.850000000000005
2023-12-12,12.79,1,Short,14:30:00,14:30:00,14:30:00,14:30:00,20930.25,20600.0,20700,21200,21300,2023-12-14 00:00:00,2,Tuesday,6.3,12.3,13.7,6.3,0,24.6,27.4,0,3.69,4.109999999999999,,,,,13.4
2023-12-12,,0,Long,2023-12-13 12:18:00,2023-12-13 12:18:00,2023-12-13 09:52:00,2023-12-13 09:52:00,,20600.0,20700,21200,21300,2023-12-14 00:00:00,2,Tuesday,"[9.5, 0.1]","[25.1, 0.1]","[3.95, 3.95]","[2.25, 2.25]",0,,,0,,,Exit,SL hit,Target hit,Exit,-17.3
2023-12-19,14.09,1,Short,14:30:00,14:30:00,14:30:00,14:30:00,21485.9,21100.0,21250,21750,21850,2023-12-21 00:00:00,2,Tuesday,7.85,15.1,13.2,5.9,0,30.2,26.4,0,4.529999999999999,3.96,,,,,14.549999999999995
2023-12-19,,0,Long,2023-12-20 13:36:00,2023-12-20 13:36:00,2023-12-20 14:33:00,2023-12-20 14:33:00,,21100.0,21250,21750,21850,2023-12-21 00:00:00,2,Tuesday,"[14.35, 0.9]","[37.8, 9.85]","[3.65, 3.65]","[3.2, 3.2]",0,,,0,,,Exit,SL hit,Target hit,Exit,-23.899999999999995
2023-12-26,14.7,1,Short,14:30:00,14:30:00,14:30:00,14:30:00,21454.5,20950.0,21150,21750,21850,2023-12-28 00:00:00,2,Tuesday,9.05,17.7,13.3,5.65,0,35.4,26.6,0,5.31,3.99,,,,,16.299999999999997
2023-12-26,,0,Long,2023-12-27 12:50:00,2023-12-27 12:50:00,2023-12-27 15:06:00,2023-12-27 15:06:00,,20950.0,21150,21750,21850,2023-12-28 00:00:00,2,Tuesday,"[2.9, 2.9]","[5.1, 5.1]","[27.55, 17.55]","[7.15, 0.8]",0,,,0,,,Exit,Target hit,SL hit,Exit,-22.6
2024-01-02,14.61,1,Short,14:30:00,14:30:00,14:30:00,14:30:00,21651.3,21200.0,21350,21950,22050,2024-01-04 00:00:00,2,Tuesday,6.1,12.75,14.55,7.75,0,25.5,29.1,0,3.825,4.365,,,,,13.45
2024-01-02,,0,Long,2024-01-04 09:16:00,2024-01-04 09:16:00,2024-01-03 10:29:00,2024-01-03 10:29:00,,21200.0,21350,21950,22050,2024-01-04 00:00:00,2,Tuesday,"[0.75, 0.75]","[2.45, 2.45]","[4.3, 4.3]","[3.0, 3.0]",0,,,0,,,Exit,Target hit,Target hit,Exit,-3.0
2024-01-09,13.37,1,Short,14:30:00,14:30:00,14:30:00,14:30:00,21561.4,21200.0,21300,21800,21900,2024-01-11 00:00:00,2,Tuesday,8.9,17.7,17.0,8.05,0,35.4,34.0,0,5.31,5.1,,,,,17.75
2024-01-09,,0,Long,2024-01-10 14:55:00,2024-01-10 14:55:00,2024-01-10 13:35:00,2024-01-10 13:35:00,,21200.0,21300,21800,21900,2024-01-11 00:00:00,2,Tuesday,"[2.3, 2.3]","[4.55, 4.55]","[5.0, 5.0]","[2.8, 2.8]",0,,,0,,,Exit,Target hit,Target hit,Exit,-4.450000000000001
2024-01-16,13.62,1,Short,14:30:00,14:30:00,14:30:00,14:30:00,22040.7,21650.0,21800,22300,22400,2024-01-18 00:00:00,2,Tuesday,12.7,25.25,14.65,6.95,0,50.5,29.3,0,7.574999999999999,4.395,,,,,20.25
2024-01-16,,0,Long,2024-01-17 09:15:00,2024-01-17 09:15:00,2024-01-17 09:16:00,2024-01-17 09:16:00,,21650.0,21800,22300,22400,2024-01-18 00:00:00,2,Tuesday,"[54.55, 197.4]","[115.2, 348.3]","[4.25, 4.25]","[2.9, 2.9]",0,,,0,,,Exit,SL hit,Target hit,Exit,-62.00000000000001
2024-01-23,15.27,1,Short,14:30:00,14:30:00,14:30:00,14:30:00,21237.7,20800.0,20950,21550,21750,2024-01-25 00:00:00,2,Tuesday,17.65,38.3,27.1,12.4,0,76.6,54.2,0,11.489999999999998,8.13,,,,,35.35000000000001
2024-01-23,,0,Long,2024-01-24 10:28:00,2024-01-24 10:28:00,2024-01-24 09:59:00,2024-01-24 09:59:00,,20800.0,20950,21550,21750,2024-01-25 00:00:00,2,Tuesday,"[5.35, 5.35]","[10.65, 10.65]","[58.8, 0.35]","[19.0, 0.2]",0,,,0,,,Exit,Target hit,SL hit,Exit,-45.1
2024-01-30,15.97,1,Short,14:30:00,14:30:00,14:30:00,14:30:00,21617.15,21100.0,21300,21900,22050,2024-02-01 00:00:00,2,Tuesday,24.3,53.1,56.25,27.85,0,106.2,112.5,0,15.93,16.875,,,,,57.19999999999999
2024-01-30,,0,Long,2024-01-31 13:32:00,2024-01-31 13:32:00,2024-02-01 12:02:00,2024-02-01 12:02:00,,21100.0,21300,21900,22050,2024-02-01 00:00:00,2,Tuesday,"[7.9, 7.9]","[15.7, 15.7]","[12.85, 12.85]","[6.05, 6.05]",0,,,0,,,Exit,Target hit,Target hit,Exit,-14.599999999999998
2023-06-06,11.38,1,Short,14:30:00,14:30:00,14:30:00,14:30:00,18558.2,18250.0,18350,18750,18800,2023-06-08 00:00:00,2,Tuesday,3.4,7.6,7.05,3.95,0,15.2,14.1,0,2.28,2.115,,,,,7.299999999999999
2023-06-06,,0,Long,2023-06-08 09:15:00,2023-06-08 09:15:00,2023-06-07 09:15:00,2023-06-07 09:15:00,,18250.0,18350,18750,18800,2023-06-08 00:00:00,2,Tuesday,"[5.15, 5.15]","[1.2, 1.2]","[30.55, 0.25]","[6.05, 0.25]",0,,,0,,,Exit,Target hit,SL hit,Exit,-20.55
2023-06-13,11.15,1,Short,14:30:00,14:30:00,14:30:00,14:30:00,18693.85,18400.0,18500,18900,19000,2023-06-15 00:00:00,2,Tuesday,4.45,8.95,3.95,2.0,0,17.9,7.9,0,2.685,1.185,,,,,6.449999999999998
2023-06-13,,0,Long,2023-06-15 09:16:00,2023-06-15 09:16:00,2023-06-15 09:38:00,2023-06-15 09:38:00,,18400.0,18500,18900,19000,2023-06-15 00:00:00,2,Tuesday,"[1.25, 1.25]","[1.85, 1.85]","[1.15, 1.15]","[0.75, 0.75]",0,,,0,,,Exit,Target hit,Target hit,Exit,-1.0
2023-06-20,11.28,1,Short,14:30:00,14:30:00,14:30:00,14:30:00,18762.9,18450.0,18550,18950,19000,2023-06-22 00:00:00,2,Tuesday,3.45,6.45,8.9,5.2,0,12.9,17.8,0,1.935,2.67,,,,,6.700000000000001
2023-06-20,,0,Long,2023-06-22 09:16:00,2023-06-22 09:16:00,2023-06-21 09:32:00,2023-06-21 09:32:00,,18450.0,18550,18950,19000,2023-06-22 00:00:00,2,Tuesday,"[1.2, 1.2]","[1.3, 1.3]","[18.3, 0.25]","[9.35, 0.2]",0,,,0,,,Exit,Target hit,SL hit,Exit,-9.050000000000002
2023-06-27,11.03,1,Short,14:30:00,14:30:00,14:30:00,14:30:00,18778.9,18500.0,18600,19000,19650,2023-06-29 00:00:00,2,Tuesday,3.25,6.45,1.25,0.6,0,12.9,2.5,0,1.935,0.375,,,,,3.85
2023-06-27,,0,Long,2023-06-27 15:30:00,2023-06-27 15:30:00,2023-06-27 15:29:00,2023-06-27 15:29:00,,18500.0,18600,19000,19650,2023-06-29 00:00:00,2,Tuesday,"[2.35, 2.35]","[3.25, 3.25]","[1.55, 1.55]","[0.45, 0.45]",0,,,0,,,Exit,Universal exit,Universal exit,Exit,-2.0
2023-07-04,11.81,1,Short,14:30:00,14:30:00,14:30:00,14:30:00,19364.45,18950.0,19150,19550,19650,2023-07-06 00:00:00,2,Tuesday,7.2,14.45,8.9,3.8,0,28.9,17.8,0,4.335,2.67,,,,,12.35
2023-07-04,,0,Long,2023-07-05 15:07:00,2023-07-05 15:07:00,2023-07-06 13:16:00,2023-07-06 13:16:00,,18950.0,19150,19550,19650,2023-07-06 00:00:00,2,Tuesday,"[2.4, 2.4]","[4.3, 4.3]","[2.55, 2.55]","[0.8, 0.8]",0,,,0,,,Exit,Target hit,Target hit,Exit,-3.65
2023-07-11,11.05,1,Short,14:30:00,14:30:00,14:30:00,14:30:00,19447.95,19100.0,19250,19650,19750,2023-07-13 00:00:00,2,Tuesday,3.7,7.7,7.0,3.25,0,15.4,14.0,0,2.31,2.1,,,,,7.749999999999999
2023-07-11,,0,Long,2023-07-13 09:16:00,2023-07-13 09:16:00,2023-07-13 09:27:00,2023-07-13 09:27:00,,19100.0,19250,19650,19750,2023-07-13 00:00:00,2,Tuesday,"[1.3, 1.3]","[2.2, 2.2]","[1.95, 1.95]","[1.25, 1.25]",0,,,0,,,Exit,Target hit,Target hit,Exit,-1.6000000000000003
2023-07-18,11.83,1,Short,14:30:00,14:30:00,14:30:00,14:30:00,19747.0,19400.0,19550,19950,20050,2023-07-20 00:00:00,2,Tuesday,9.9,21.75,12.1,5.7,0,43.5,24.2,0,6.525,3.63,,,,,18.25
2023-07-18,,0,Long,2023-07-19 14:01:00,2023-07-19 14:01:00,2023-07-20 14:24:00,2023-07-20 14:24:00,,19400.0,19550,19950,20050,2023-07-20 00:00:00,2,Tuesday,"[3.2, 3.2]","[6.45, 6.45]","[25.2, 22.65]","[1.35, 0.65]",0,,,0,,,Exit,Target hit,SL hit,Exit,-27.1
2023-07-25,10.34,1,Short,14:30:00,14:30:00,14:30:00,14:30:00,19683.95,19400.0,19500,19900,20000,2023-07-27 00:00:00,2,Tuesday,5.9,14.4,14.05,6.75,0,28.8,28.1,0,4.32,4.215,,,,,15.800000000000002
2023-07-25,,0,Long,2023-07-26 11:57:00,2023-07-26 11:57:00,2023-07-26 10:07:00,2023-07-26 10:07:00,,19400.0,19500,19900,20000,2023-07-27 00:00:00,2,Tuesday,"[2.75, 2.75]","[4.25, 4.25]","[28.25, 0.55]","[9.55, 0.4]",0,,,0,,,Exit,Target hit,SL hit,Exit,-20.2
2023-08-01,10.26,1,Short,14:30:00,14:30:00,14:30:00,14:30:00,19758.6,19450.0,19550,19950,20000,2023-08-03 00:00:00,2,Tuesday,4.75,10.25,8.45,4.75,0,20.5,16.9,0,3.075,2.535,,,,,9.2
2023-08-01,,0,Long,2023-08-02 09:16:00,2023-08-02 09:16:00,2023-08-02 14:55:00,2023-08-02 14:55:00,,19450.0,19550,19950,20000,2023-08-03 00:00:00,2,Tuesday,"[9.3, 90.15]","[24.8, 190.35]","[2.5, 2.5]","[2.35, 2.35]",0,,,0,,,Exit,SL hit,Target hit,Exit,-15.65
2023-08-08,11.3,1,Short,14:30:00,14:30:00,14:30:00,14:30:00,19594.1,19300.0,19400,19800,19850,2023-08-10 00:00:00,2,Tuesday,6.1,12.15,6.75,3.8,0,24.3,13.5,0,3.645,2.025,,,,,9.0
2023-08-08,,0,Long,2023-08-09 09:34:00,2023-08-09 09:34:00,2023-08-09 14:06:00,2023-08-09 14:06:00,,19300.0,19400,19800,19850,2023-08-10 00:00:00,2,Tuesday,"[10.2, 0.1]","[24.95, 0.25]","[2.0, 2.0]","[1.55, 1.55]",0,,,0,,,Exit,SL hit,Target hit,Exit,-15.2
2023-08-22,11.81,1,Short,14:30:00,14:30:00,14:30:00,14:30:00,19408.4,19150.0,19200,19600,19700,2023-08-24 00:00:00,2,Tuesday,5.8,9.85,5.65,2.4,0,19.7,11.3,0,2.955,1.695,,,,,7.300000000000001
2023-08-22,,0,Long,2023-08-24 09:15:00,2023-08-24 09:15:00,2023-08-24 09:21:00,2023-08-24 09:21:00,,19150.0,19200,19600,19700,2023-08-24 00:00:00,2,Tuesday,"[1.15, 1.15]","[2.1, 2.1]","[14.75, 0.3]","[1.65, 0.25]",0,,,0,,,Exit,Target hit,SL hit,Exit,-14.05
2023-08-29,12.31,1,Short,14:30:00,14:30:00,14:30:00,14:30:00,19319.8,19000.0,19100,19500,19550,2023-08-31 00:00:00,2,Tuesday,2.95,6.05,9.0,5.25,0,12.1,18.0,0,1.815,2.7,,,,,6.850000000000001
2023-08-29,,0,Long,2023-08-30 13:52:00,2023-08-30 13:52:00,2023-08-30 09:29:00,2023-08-30 09:29:00,,19000.0,19100,19500,19550,2023-08-31 00:00:00,2,Tuesday,"[1.45, 1.45]","[1.8, 1.8]","[19.5, 0.2]","[9.35, 0.2]",0,,,0,,,Exit,Target hit,SL hit,Exit,-10.500000000000002
2023-09-05,10.8,1,Short,14:30:00,14:30:00,14:30:00,14:30:00,19556.65,19100.0,19350,19750,19800,2023-09-07 00:00:00,2,Tuesday,3.1,6.3,4.9,2.95,0,12.6,9.8,0,1.89,1.47,,,,,5.149999999999999
2023-09-05,,0,Long,2023-09-06 15:30:00,2023-09-06 15:30:00,2023-09-06 14:21:00,2023-09-06 14:21:00,,19100.0,19350,19750,19800,2023-09-07 00:00:00,2,Tuesday,"[1.0, 1.0]","[1.8, 1.8]","[1.45, 1.45]","[1.2, 1.2]",0,,,0,,,Exit,Target hit,Target hit,Exit,-1.0499999999999998
2023-09-12,11.77,1,Short,14:30:00,14:30:00,14:30:00,14:30:00,19999.85,19650.0,19800,20200,20300,2023-09-14 00:00:00,2,Tuesday,7.2,15.5,14.9,7.25,0,31.0,29.8,0,4.65,4.47,,,,,15.95
2023-09-12,,0,Long,2023-09-13 14:57:00,2023-09-13 14:57:00,2023-09-14 10:49:00,2023-09-14 10:49:00,,19650.0,19800,20200,20300,2023-09-14 00:00:00,2,Tuesday,"[3.4, 3.4]","[4.5, 4.5]","[4.0, 4.0]","[1.75, 1.75]",0,,,0,,,Exit,Target hit,Target hit,Exit,-3.35
2023-09-26,11.19,1,Short,14:30:00,14:30:00,14:30:00,14:30:00,19677.8,19400.0,19500,19900,20000,2023-09-28 00:00:00,2,Tuesday,5.4,13.0,7.45,3.45,0,26.0,14.9,0,3.9,2.235,,,,,11.599999999999998
2023-09-26,,0,Long,2023-09-27 10:01:00,2023-09-27 10:01:00,2023-09-28 10:25:00,2023-09-28 10:25:00,,19400.0,19500,19900,20000,2023-09-28 00:00:00,2,Tuesday,"[10.0, 0.5]","[28.5, 2.15]","[1.95, 1.95]","[1.3, 1.3]",0,,,0,,,Exit,SL hit,Target hit,Exit,-19.15
2023-02-07,14.23,1,Short,14:30:00,14:30:00,14:30:00,14:30:00,17717.0,17400.0,17500,17900,18000,2023-02-09 00:00:00,2,Tuesday,8.8,18.95,25.85,11.7,0,37.9,51.7,0,5.685,7.755,,,,,24.3
2023-02-07,,0,Long,2023-02-08 11:02:00,2023-02-08 11:02:00,2023-02-08 10:06:00,2023-02-08 10:06:00,,17400.0,17500,17900,18000,2023-02-09 00:00:00,2,Tuesday,"[3.1, 3.1]","[5.55, 5.55]","[51.75, 7.8]","[20.55, 0.4]",0,,,0,,,Exit,Target hit,SL hit,Exit,-33.64999999999999
2023-02-14,13.53,1,Short,14:30:00,14:30:00,14:30:00,14:30:00,17936.55,17650.0,17750,18150,18200,2023-02-16 00:00:00,2,Tuesday,9.0,19.25,8.2,4.5,0,38.5,16.4,0,5.775,2.4599999999999995,,,,,13.95
2023-02-14,,0,Long,2023-02-15 14:35:00,2023-02-15 14:35:00,2023-02-15 09:31:00,2023-02-15 09:31:00,,17650.0,17750,18150,18200,2023-02-16 00:00:00,2,Tuesday,"[2.9, 2.9]","[5.75, 5.75]","[2.45, 2.45]","[1.95, 1.95]",0,,,0,,,Exit,Target hit,Target hit,Exit,-3.35
2023-02-21,14.16,1,Short,14:30:00,14:30:00,14:30:00,14:30:00,17824.2,17500.0,17600,18000,18100,2023-02-23 00:00:00,2,Tuesday,5.9,11.35,19.95,8.8,0,22.7,39.9,0,3.405,5.984999999999999,,,,,16.599999999999994
2023-02-21,,0,Long,2023-02-22 09:46:00,2023-02-22 09:46:00,2023-02-22 09:49:00,2023-02-22 09:49:00,,17500.0,17600,18000,18100,2023-02-23 00:00:00,2,Tuesday,"[9.65, 1.0]","[23.7, 40.6]","[5.85, 5.85]","[3.75, 3.75]",0,,,0,,,Exit,SL hit,Target hit,Exit,-16.15
2023-02-28,14.15,1,Short,14:30:00,14:30:00,14:30:00,14:30:00,17306.05,17000.0,17100,17500,17600,2023-03-02 00:00:00,2,Tuesday,6.1,13.6,17.55,7.95,0,27.2,35.1,0,4.08,5.265,,,,,17.099999999999998
2023-02-28,,0,Long,2023-03-01 10:11:00,2023-03-01 10:11:00,2023-03-02 09:48:00,2023-03-02 09:48:00,,17000.0,17100,17500,17600,2023-03-02 00:00:00,2,Tuesday,"[2.55, 2.55]","[4.0, 4.0]","[5.05, 5.05]","[1.55, 1.55]",0,,,0,,,Exit,Target hit,Target hit,Exit,-4.950000000000001
2023-03-14,16.16,1,Short,14:30:00,14:30:00,14:30:00,14:30:00,17064.6,16700.0,16800,17300,17400,2023-03-16 00:00:00,2,Tuesday,9.95,18.25,28.55,14.95,0,36.5,57.1,0,5.475,8.565,,,,,21.9
2023-03-14,,0,Long,2023-03-15 09:16:00,2023-03-15 09:16:00,2023-03-15 13:53:00,2023-03-15 13:53:00,,16700.0,16800,17300,17400,2023-03-16 00:00:00,2,Tuesday,"[2.95, 2.95]","[4.65, 4.65]","[8.25, 8.25]","[4.3, 4.3]",0,,,0,,,Exit,Target hit,Target hit,Exit,-5.65
2023-03-21,15.11,1,Short,14:30:00,14:30:00,14:30:00,14:30:00,17100.45,16700.0,16850,17350,17450,2023-03-23 00:00:00,2,Tuesday,8.15,18.45,12.85,5.15,0,36.9,25.7,0,5.534999999999999,3.855,,,,,17.999999999999996
2023-03-21,,0,Long,2023-03-23 09:15:00,2023-03-23 09:15:00,2023-03-23 09:15:00,2023-03-23 09:15:00,,16700.0,16850,17350,17450,2023-03-23 00:00:00,2,Tuesday,"[1.0, 1.0]","[4.3, 4.3]","[3.85, 3.85]","[1.45, 1.45]",0,,,0,,,Exit,Target hit,Target hit,Exit,-5.7
2023-03-28,15.29,1,Short,14:30:00,14:30:00,14:30:00,14:30:00,16941.8,16750.0,16800,17100,17150,2023-03-29 00:00:00,1,Tuesday,9.2,15.9,14.8,8.45,0,31.8,29.6,0,4.77,4.44,,,,,13.050000000000004
2023-03-28,,0,Long,2023-03-29 09:16:00,2023-03-29 09:16:00,2023-03-29 11:33:00,2023-03-29 11:33:00,,16750.0,16800,17100,17150,2023-03-29 00:00:00,1,Tuesday,"[2.25, 2.25]","[4.05, 4.05]","[4.3, 4.3]","[1.9, 1.9]",0,,,0,,,Exit,Target hit,Target hit,Exit,-4.199999999999999
2023-04-11,12.09,1,Short,14:30:00,14:30:00,14:30:00,14:30:00,17706.05,17400.0,17500,17900,17950,2023-04-13 00:00:00,2,Tuesday,3.7,7.25,5.8,2.9,0,14.5,11.6,0,2.175,1.74,,,,,6.450000000000001
2023-04-11,,0,Long,2023-04-13 09:15:00,2023-04-13 09:15:00,2023-04-12 13:21:00,2023-04-12 13:21:00,,17400.0,17500,17900,17950,2023-04-13 00:00:00,2,Tuesday,"[1.1, 1.1]","[1.55, 1.55]","[12.05, 0.3]","[5.2, 0.25]",0,,,0,,,Exit,Target hit,SL hit,Exit,-7.300000000000001
2023-04-18,12.29,1,Short,14:30:00,14:30:00,14:30:00,14:30:00,17641.85,17350.0,17450,17850,17950,2023-04-20 00:00:00,2,Tuesday,3.35,8.6,8.5,3.6,0,17.2,17.0,0,2.58,2.55,,,,,10.150000000000002
2023-04-18,,0,Long,2023-04-20 09:15:00,2023-04-20 09:15:00,2023-04-19 13:46:00,2023-04-19 13:46:00,,17350.0,17450,17850,17950,2023-04-20 00:00:00,2,Tuesday,"[1.0, 1.0]","[2.2, 2.2]","[2.5, 2.5]","[1.7, 1.7]",0,,,0,,,Exit,Target hit,Target hit,Exit,-2.0
2023-04-25,11.48,1,Short,14:30:00,14:30:00,14:30:00,14:30:00,17799.0,17450.0,17600,18000,18050,2023-04-27 00:00:00,2,Tuesday,3.55,7.1,4.55,2.7,0,14.2,9.1,0,2.13,1.365,,,,,5.399999999999999
2023-04-25,,0,Long,2023-04-27 09:16:00,2023-04-27 09:16:00,2023-04-26 14:54:00,2023-04-26 14:54:00,,17450.0,17600,18000,18050,2023-04-27 00:00:00,2,Tuesday,"[1.05, 1.05]","[2.0, 2.0]","[1.35, 1.35]","[0.9, 0.9]",0,,,0,,,Exit,Target hit,Target hit,Exit,-1.4
2023-05-02,11.96,1,Short,14:30:00,14:30:00,14:30:00,14:30:00,18168.1,17800.0,17950,18350,18400,2023-05-04 00:00:00,2,Tuesday,3.65,7.75,8.05,4.8,0,15.5,16.1,0,2.325,2.415,,,,,7.350000000000001
2023-05-02,,0,Long,2023-05-03 09:17:00,2023-05-03 09:17:00,2023-05-03 09:29:00,2023-05-03 09:29:00,,17800.0,17950,18350,18400,2023-05-04 00:00:00,2,Tuesday,"[5.05, 0.2]","[15.6, 0.25]","[2.35, 2.35]","[1.85, 1.85]",0,,,0,,,Exit,SL hit,Target hit,Exit,-11.05
2023-05-09,12.78,1,Short,14:30:00,14:30:00,14:30:00,14:30:00,18270.25,17900.0,18050,18450,18500,2023-05-11 00:00:00,2,Tuesday,3.9,8.4,11.05,6.45,0,16.8,22.1,0,2.52,3.315,,,,,9.100000000000003
2023-05-09,,0,Long,2023-05-11 09:15:00,2023-05-11 09:15:00,2023-05-11 09:40:00,2023-05-11 09:40:00,,17900.0,18050,18450,18500,2023-05-11 00:00:00,2,Tuesday,"[1.05, 1.05]","[1.7, 1.7]","[3.25, 3.25]","[1.75, 1.75]",0,,,0,,,Exit,Target hit,Target hit,Exit,-2.1500000000000004
2023-05-16,13.22,1,Short,14:30:00,14:30:00,14:30:00,14:30:00,18344.65,18050.0,18150,18550,18600,2023-05-18 00:00:00,2,Tuesday,6.05,11.75,8.1,4.5,0,23.5,16.2,0,3.525,2.43,,,,,9.3
2023-05-16,,0,Long,2023-05-17 11:01:00,2023-05-17 11:01:00,2023-05-17 14:46:00,2023-05-17 14:46:00,,18050.0,18150,18550,18600,2023-05-18 00:00:00,2,Tuesday,"[8.2, 0.2]","[25.55, 9.6]","[2.4, 2.4]","[2.15, 2.15]",0,,,0,,,Exit,SL hit,Target hit,Exit,-17.6
2023-05-23,12.65,1,Short,14:30:00,14:30:00,14:30:00,14:30:00,18403.75,18050.0,18200,18600,18650,2023-05-25 00:00:00,2,Tuesday,4.45,9.1,4.5,2.4,0,18.2,9.0,0,2.73,1.35,,,,,6.75
2023-05-23,,0,Long,2023-05-24 09:15:00,2023-05-24 09:15:00,2023-05-24 15:17:00,2023-05-24 15:17:00,,18050.0,18200,18600,18650,2023-05-25 00:00:00,2,Tuesday,"[6.0, 0.2]","[20.0, 0.55]","[1.25, 1.25]","[1.2, 1.2]",0,,,0,,,Exit,SL hit,Target hit,Exit,-14.05
2023-05-30,12.07,1,Short,14:30:00,14:30:00,14:30:00,14:30:00,18624.2,18250.0,18400,18800,18850,2023-06-01 00:00:00,2,Tuesday,4.8,10.25,7.8,3.7,0,20.5,15.6,0,3.075,2.34,,,,,9.55
2023-05-30,,0,Long,2023-05-31 11:54:00,2023-05-31 11:54:00,2023-05-31 11:15:00,2023-05-31 11:15:00,,18250.0,18400,18800,18850,2023-06-01 00:00:00,2,Tuesday,"[5.35, 0.15]","[21.85, 0.3]","[2.3, 2.3]","[1.6, 1.6]",0,,,0,,,Exit,SL hit,Target hit,Exit,-17.200000000000003
2022-10-04,19.62,1,Short,14:30:00,14:30:00,14:30:00,14:30:00,17261.05,16800.0,16950,17550,17600,2022-10-06 00:00:00,2,Tuesday,7.55,14.95,5.55,3.3,0,29.9,11.1,0,4.484999999999999,1.6649999999999998,,,,,9.65
2022-10-04,,0,Long,2022-10-06 09:15:00,2022-10-06 09:15:00,2022-10-06 10:52:00,2022-10-06 10:52:00,,16800.0,16950,17550,17600,2022-10-06 00:00:00,2,Tuesday,"[1.4, 1.4]","[4.0, 4.0]","[1.65, 1.65]","[0.85, 0.85]",0,,,0,,,Exit,Target hit,Target hit,Exit,-3.4000000000000004
2022-10-11,19.93,1,Short,14:30:00,14:30:00,14:30:00,14:30:00,17087.85,16700.0,16800,17400,17500,2022-10-13 00:00:00,2,Tuesday,12.7,24.8,18.3,8.9,0,49.6,36.6,0,7.439999999999999,5.49,,,,,21.5
2022-10-11,,0,Long,2022-10-11 15:28:00,2022-10-11 15:28:00,2022-10-12 10:51:00,2022-10-12 10:51:00,,16700.0,16800,17400,17500,2022-10-13 00:00:00,2,Tuesday,"[27.25, 0.1]","[50.7, 0.15]","[5.45, 5.45]","[3.3, 3.3]",0,,,0,,,Exit,SL hit,Target hit,Exit,-25.600000000000005
2022-10-18,17.55,1,Short,14:30:00,14:30:00,14:30:00,14:30:00,17462.75,17050.0,17200,17700,17750,2022-10-20 00:00:00,2,Tuesday,9.6,21.05,13.65,8.05,0,42.1,27.3,0,6.315,4.095,,,,,17.050000000000004
2022-10-18,,0,Long,2022-10-19 10:21:00,2022-10-19 10:21:00,2022-10-20 09:15:00,2022-10-20 09:15:00,,17050.0,17200,17700,17750,2022-10-20 00:00:00,2,Tuesday,"[3.85, 3.85]","[6.25, 6.25]","[1.9, 1.9]","[0.9, 0.9]",0,,,0,,,Exit,Target hit,Target hit,Exit,-3.4000000000000004
2022-10-25,16.62,1,Short,14:30:00,14:30:00,14:30:00,14:30:00,17693.9,17350.0,17450,17950,18050,2022-10-27 00:00:00,2,Tuesday,4.55,9.4,4.25,1.75,0,18.8,8.5,0,2.82,1.275,,,,,7.35
2022-10-25,,0,Long,2022-10-27 09:16:00,2022-10-27 09:16:00,2022-10-27 09:15:00,2022-10-27 09:15:00,,17350.0,17450,17950,18050,2022-10-27 00:00:00,2,Tuesday,"[1.15, 1.15]","[1.5, 1.5]","[0.55, 0.55]","[2.25, 2.25]",0,,,0,,,Exit,Target hit,Target hit,Exit,1.35
2022-11-01,16.14,1,Short,14:30:00,14:30:00,14:30:00,14:30:00,18099.4,17750.0,17850,18350,18450,2022-11-03 00:00:00,2,Tuesday,11.85,21.45,14.4,5.9,0,42.9,28.8,0,6.435,4.32,,,,,18.1
2022-11-01,,0,Long,2022-11-03 09:31:00,2022-11-03 09:31:00,2022-11-03 09:15:00,2022-11-03 09:15:00,,17750.0,17850,18350,18450,2022-11-03 00:00:00,2,Tuesday,"[2.0, 2.0]","[5.7, 5.7]","[1.55, 1.55]","[1.35, 1.35]",0,,,0,,,Exit,Target hit,Target hit,Exit,-3.9
2022-11-15,14.68,1,Short,14:30:00,14:30:00,14:30:00,14:30:00,18338.95,18000.0,18100,18600,18700,2022-11-17 00:00:00,2,Tuesday,5.8,11.2,5.8,2.75,0,22.4,11.6,0,3.36,1.74,,,,,8.45
2022-11-15,,0,Long,2022-11-16 15:08:00,2022-11-16 15:08:00,2022-11-15 15:12:00,2022-11-15 15:12:00,,18000.0,18100,18600,18700,2022-11-17 00:00:00,2,Tuesday,"[2.2, 2.2]","[3.35, 3.35]","[12.0, 0.1]","[3.45, 0.1]",0,,,0,,,Exit,Target hit,SL hit,Exit,-9.7
2022-11-22,14.09,1,Short,14:30:00,14:30:00,14:30:00,14:30:00,18215.9,17850.0,17950,18450,18500,2022-11-24 00:00:00,2,Tuesday,2.95,5.9,8.0,4.7,0,11.8,16.0,0,1.77,2.4,,,,,6.25
2022-11-22,,0,Long,2022-11-24 09:15:00,2022-11-24 09:15:00,2022-11-24 09:16:00,2022-11-24 09:16:00,,17850.0,17950,18450,18500,2022-11-24 00:00:00,2,Tuesday,"[1.0, 1.0]","[1.1, 1.1]","[1.8, 1.8]","[1.3, 1.3]",0,,,0,,,Exit,Target hit,Target hit,Exit,-0.6000000000000005
2022-11-29,13.58,1,Short,14:30:00,14:30:00,14:30:00,14:30:00,18640.75,18300.0,18450,18850,18950,2022-12-01 00:00:00,2,Tuesday,8.05,17.15,6.3,2.7,0,34.3,12.6,0,5.145,1.89,,,,,12.7
2022-11-29,,0,Long,2022-11-30 15:09:00,2022-11-30 15:09:00,2022-11-30 15:21:00,2022-11-30 15:21:00,,18300.0,18450,18850,18950,2022-12-01 00:00:00,2,Tuesday,"[3.35, 3.35]","[5.05, 5.05]","[15.0, 12.1]","[3.9, 0.95]",0,,,0,,,Exit,Target hit,SL hit,Exit,-12.8
2022-12-06,14.07,1,Short,14:30:00,14:30:00,14:30:00,14:30:00,18612.2,18200.0,18350,18850,18950,2022-12-08 00:00:00,2,Tuesday,3.85,7.8,22.95,11.7,0,15.6,45.9,0,2.34,6.885,,,,,15.2
2022-12-06,,0,Long,2022-12-08 09:16:00,2022-12-08 09:16:00,2022-12-07 12:45:00,2022-12-07 12:45:00,,18200.0,18350,18850,18950,2022-12-08 00:00:00,2,Tuesday,"[0.8, 0.8]","[1.65, 1.65]","[6.35, 6.35]","[3.5, 3.5]",0,,,0,,,Exit,Target hit,Target hit,Exit,-3.7
2022-12-13,12.91,1,Short,14:30:00,14:30:00,14:30:00,14:30:00,18575.2,18300.0,18400,18800,18900,2022-12-15 00:00:00,2,Tuesday,11.2,20.75,13.25,5.25,0,41.5,26.5,0,6.225,3.975,,,,,17.55
2022-12-13,,0,Long,2022-12-14 11:31:00,2022-12-14 11:31:00,2022-12-15 09:16:00,2022-12-15 09:16:00,,18300.0,18400,18800,18900,2022-12-15 00:00:00,2,Tuesday,"[3.85, 3.85]","[6.0, 6.0]","[2.25, 2.25]","[1.1, 1.1]",0,,,0,,,Exit,Target hit,Target hit,Exit,-3.3
2022-12-20,13.9,1,Short,14:30:00,14:30:00,14:30:00,14:30:00,18328.95,17950.0,18100,18600,18700,2022-12-22 00:00:00,2,Tuesday,6.5,13.5,9.75,4.95,0,27.0,19.5,0,4.05,2.925,,,,,11.8
2022-12-20,,0,Long,2022-12-21 13:56:00,2022-12-21 13:56:00,2022-12-22 09:16:00,2022-12-22 09:16:00,,17950.0,18100,18600,18700,2022-12-22 00:00:00,2,Tuesday,"[11.5, 0.55]","[29.25, 14.7]","[2.4, 2.4]","[1.9, 1.9]",0,,,0,,,Exit,SL hit,Target hit,Exit,-18.25
2022-12-27,15.38,1,Short,14:30:00,14:30:00,14:30:00,14:30:00,18086.7,17700.0,17850,18350,18450,2022-12-29 00:00:00,2,Tuesday,10.3,20.65,8.9,4.05,0,41.3,17.8,0,6.194999999999999,2.67,,,,,15.199999999999996
2022-12-27,,0,Long,2022-12-28 14:50:00,2022-12-28 14:50:00,2022-12-28 15:16:00,2022-12-28 15:16:00,,17700.0,17850,18350,18450,2022-12-29 00:00:00,2,Tuesday,"[3.55, 3.55]","[6.05, 6.05]","[2.65, 2.65]","[1.3, 1.3]",0,,,0,,,Exit,Target hit,Target hit,Exit,-3.85
2023-01-03,14.47,1,Short,14:30:00,14:30:00,14:30:00,14:30:00,18230.8,17900.0,18000,18500,18550,2023-01-05 00:00:00,2,Tuesday,6.25,13.0,7.45,4.1,0,26.0,14.9,0,3.9,2.235,,,,,10.1
2023-01-03,,0,Long,2023-01-04 10:01:00,2023-01-04 10:01:00,2023-01-04 14:23:00,2023-01-04 14:23:00,,17900.0,18000,18500,18550,2023-01-05 00:00:00,2,Tuesday,"[11.6, 2.55]","[27.75, 40.0]","[2.15, 2.15]","[1.9, 1.9]",0,,,0,,,Exit,SL hit,Target hit,Exit,-16.4
2023-01-10,15.85,1,Short,14:30:00,14:30:00,14:30:00,14:30:00,17875.85,17550.0,17650,18150,18250,2023-01-12 00:00:00,2,Tuesday,7.05,14.3,16.7,8.75,0,28.6,33.4,0,4.29,5.01,,,,,15.2
2023-01-10,,0,Long,2023-01-11 14:59:00,2023-01-11 14:59:00,2023-01-11 15:18:00,2023-01-11 15:18:00,,17550.0,17650,18150,18250,2023-01-12 00:00:00,2,Tuesday,"[1.85, 1.85]","[3.7, 3.7]","[4.65, 4.65]","[2.35, 2.35]",0,,,0,,,Exit,Target hit,Target hit,Exit,-4.150000000000001
2023-01-17,14.65,1,Short,14:30:00,14:30:00,14:30:00,14:30:00,17985.05,17650.0,17750,18250,18350,2023-01-19 00:00:00,2,Tuesday,6.15,12.65,6.15,2.6,0,25.3,12.3,0,3.795,1.845,,,,,10.05
2023-01-17,,0,Long,2023-01-18 13:06:00,2023-01-18 13:06:00,2023-01-18 09:15:00,2023-01-18 09:15:00,,17650.0,17750,18250,18350,2023-01-19 00:00:00,2,Tuesday,"[2.85, 2.85]","[3.7, 3.7]","[15.25, 0.2]","[3.7, 0.15]",0,,,0,,,Exit,Target hit,SL hit,Exit,-12.4
2023-01-24,13.79,1,Short,14:30:00,14:30:00,14:30:00,14:30:00,18102.8,17900.0,17950,18250,18300,2023-01-25 00:00:00,1,Tuesday,3.75,7.05,8.6,4.4,0,14.1,17.2,0,2.115,2.58,,,,,7.499999999999998
2023-01-24,,0,Long,2023-01-25 09:53:00,2023-01-25 09:53:00,2023-01-25 09:20:00,2023-01-25 09:20:00,,17900.0,17950,18250,18300,2023-01-25 00:00:00,1,Tuesday,"[6.35, 8.35]","[14.7, 42.15]","[2.5, 2.5]","[1.7, 1.7]",0,,,0,,,Exit,SL hit,Target hit,Exit,-9.15
2023-01-31,17.19,1,Short,14:30:00,14:30:00,14:30:00,14:30:00,17626.0,17250.0,17400,17900,18050,2023-02-02 00:00:00,2,Tuesday,25.85,49.8,57.85,30.6,0,99.6,115.7,0,14.939999999999998,17.355,,,,,51.2
2023-01-31,,0,Long,2023-02-01 11:43:00,2023-02-01 11:43:00,2023-02-01 12:34:00,2023-02-01 12:34:00,,17250.0,17400,17900,18050,2023-02-02 00:00:00,2,Tuesday,"[8.55, 8.55]","[14.75, 14.75]","[120.1, 0.35]","[50.7, 0.15]",0,,,0,,,Exit,Target hit,SL hit,Exit,-75.6
2022-06-07,20.47,1,Short,14:30:00,14:30:00,14:30:00,14:30:00,16413.05,16000.0,16100,16700,16800,2022-06-09 00:00:00,2,Tuesday,11.05,20.4,21.5,10.35,0,40.8,43.0,0,6.119999999999999,6.45,,,,,20.5
2022-06-07,,0,Long,2022-06-08 10:46:00,2022-06-08 10:46:00,2022-06-08 13:15:00,2022-06-08 13:15:00,,16000.0,16100,16700,16800,2022-06-09 00:00:00,2,Tuesday,"[3.55, 3.55]","[5.75, 5.75]","[6.4, 6.4]","[2.95, 2.95]",0,,,0,,,Exit,Target hit,Target hit,Exit,-5.65
2022-06-14,22.0,1,Short,14:30:00,14:30:00,14:30:00,14:30:00,15719.5,15250.0,15400,16000,16150,2022-06-16 00:00:00,2,Tuesday,13.3,28.7,31.85,13.85,0,57.4,63.7,0,8.61,9.555,,,,,33.4
2022-06-14,,0,Long,2022-06-16 09:16:00,2022-06-16 09:16:00,2022-06-16 09:15:00,2022-06-16 09:15:00,,15250.0,15400,16000,16150,2022-06-16 00:00:00,2,Tuesday,"[1.0, 1.0]","[1.3, 1.3]","[8.0, 8.0]","[3.0, 3.0]",0,,,0,,,Exit,Target hit,Target hit,Exit,-5.300000000000001
2022-06-21,21.41,1,Short,14:30:00,14:30:00,14:30:00,14:30:00,15694.35,15200.0,15400,16000,16100,2022-06-23 00:00:00,2,Tuesday,16.2,33.3,14.35,6.9,0,66.6,28.7,0,9.989999999999998,4.305,,,,,24.55
2022-06-21,,0,Long,2022-06-22 09:35:00,2022-06-22 09:35:00,2022-06-22 09:16:00,2022-06-22 09:16:00,,15200.0,15400,16000,16100,2022-06-23 00:00:00,2,Tuesday,"[25.6, 0.25]","[67.9, 0.45]","[3.1, 3.1]","[2.05, 2.05]",0,,,0,,,Exit,SL hit,Target hit,Exit,-43.35
2022-06-28,21.48,1,Short,14:30:00,14:30:00,14:30:00,14:30:00,15817.0,15400.0,15500,16100,16200,2022-06-30 00:00:00,2,Tuesday,11.25,20.2,16.8,7.8,0,40.4,33.6,0,6.06,5.04,,,,,17.95
2022-06-28,,0,Long,2022-06-30 09:16:00,2022-06-30 09:16:00,2022-06-29 09:16:00,2022-06-29 09:16:00,,15400.0,15500,16100,16200,2022-06-30 00:00:00,2,Tuesday,"[2.25, 2.25]","[5.45, 5.45]","[4.45, 4.45]","[2.75, 2.75]",0,,,0,,,Exit,Target hit,Target hit,Exit,-4.9
2022-07-05,20.83,1,Short,14:30:00,14:30:00,14:30:00,14:30:00,15870.6,15450.0,15550,16150,16250,2022-07-07 00:00:00,2,Tuesday,12.1,22.15,12.9,5.45,0,44.3,25.8,0,6.645,3.87,,,,,17.499999999999996
2022-07-05,,0,Long,2022-07-06 14:56:00,2022-07-06 14:56:00,2022-07-06 13:15:00,2022-07-06 13:15:00,,15450.0,15550,16150,16250,2022-07-07 00:00:00,2,Tuesday,"[3.5, 3.5]","[5.95, 5.95]","[28.1, 2.75]","[10.05, 0.05]",0,,,0,,,Exit,Target hit,SL hit,Exit,-20.500000000000004
2022-07-12,18.33,1,Short,14:30:00,14:30:00,14:30:00,14:30:00,16130.35,15800.0,15900,16400,16500,2022-07-14 00:00:00,2,Tuesday,13.8,27.0,13.3,5.55,0,54.0,26.6,0,8.1,3.99,,,,,20.95
2022-07-12,,0,Long,2022-07-14 15:00:00,2022-07-14 15:00:00,2022-07-13 12:56:00,2022-07-13 12:56:00,,15800.0,15900,16400,16500,2022-07-14 00:00:00,2,Tuesday,"[0.35, 0.35]","[13.3, 13.3]","[3.9, 3.9]","[1.95, 1.95]",0,,,0,,,Exit,Universal exit,Target hit,Exit,-14.9
2022-07-19,17.44,1,Short,14:30:00,14:30:00,14:30:00,14:30:00,16321.8,15950.0,16050,16550,16600,2022-07-21 00:00:00,2,Tuesday,8.9,16.15,10.65,5.9,0,32.3,21.3,0,4.845,3.195,,,,,11.999999999999996
2022-07-19,,0,Long,2022-07-20 09:17:00,2022-07-20 09:17:00,2022-07-20 09:15:00,2022-07-20 09:15:00,,15950.0,16050,16550,16600,2022-07-21 00:00:00,2,Tuesday,"[3.05, 3.05]","[4.1, 4.1]","[35.0, 17.75]","[18.0, 1.0]",0,,,0,,,Exit,Target hit,SL hit,Exit,-18.05
2022-07-26,18.07,1,Short,14:30:00,14:30:00,14:30:00,14:30:00,16517.3,16150.0,16250,16750,16850,2022-07-28 00:00:00,2,Tuesday,7.35,15.05,14.75,5.75,0,30.1,29.5,0,4.515,4.425,,,,,16.700000000000003
2022-07-26,,0,Long,2022-07-28 09:15:00,2022-07-28 09:15:00,2022-07-27 13:33:00,2022-07-27 13:33:00,,16150.0,16250,16750,16850,2022-07-28 00:00:00,2,Tuesday,"[1.2, 1.2]","[2.25, 2.25]","[29.9, 136.3]","[10.1, 37.6]",0,,,0,,,Exit,Target hit,SL hit,Exit,-20.85
2022-08-02,18.36,1,Short,14:30:00,14:30:00,14:30:00,14:30:00,17347.45,16900.0,17050,17650,17750,2022-08-04 00:00:00,2,Tuesday,11.6,21.45,7.45,3.0,0,42.9,14.9,0,6.435,2.235,,,,,14.3
2022-08-02,,0,Long,2022-08-03 15:30:00,2022-08-03 15:30:00,2022-08-04 10:11:00,2022-08-04 10:11:00,,16900.0,17050,17650,17750,2022-08-04 00:00:00,2,Tuesday,"[3.9, 3.9]","[6.05, 6.05]","[2.2, 2.2]","[1.05, 1.05]",0,,,0,,,Exit,Target hit,Target hit,Exit,-3.3
2022-08-16,17.91,1,Short,14:30:00,14:30:00,14:30:00,14:30:00,17809.25,17350.0,17500,18100,18200,2022-08-18 00:00:00,2,Tuesday,4.3,9.6,6.55,2.9,0,19.2,13.1,0,2.88,1.965,,,,,8.95
2022-08-16,,0,Long,2022-08-18 09:16:00,2022-08-18 09:16:00,2022-08-18 09:16:00,2022-08-18 09:16:00,,17350.0,17500,18100,18200,2022-08-18 00:00:00,2,Tuesday,"[1.3, 1.3]","[1.8, 1.8]","[1.9, 1.9]","[0.95, 0.95]",0,,,0,,,Exit,Target hit,Target hit,Exit,-1.4500000000000002
2022-08-23,19.07,1,Short,14:30:00,14:30:00,14:30:00,14:30:00,17575.6,17150.0,17300,17900,18050,2022-08-25 00:00:00,2,Tuesday,8.8,17.4,10.3,4.45,0,34.8,20.6,0,5.22,3.0900000000000003,,,,,14.45
2022-08-23,,0,Long,2022-08-25 09:15:00,2022-08-25 09:15:00,2022-08-24 15:23:00,2022-08-24 15:23:00,,17150.0,17300,17900,18050,2022-08-25 00:00:00,2,Tuesday,"[1.25, 1.25]","[2.0, 2.0]","[3.0, 3.0]","[1.65, 1.65]",0,,,0,,,Exit,Target hit,Target hit,Exit,-2.1
2022-08-30,18.68,1,Short,14:30:00,14:30:00,14:30:00,14:30:00,17690.6,17200.0,17400,18000,18100,2022-09-01 00:00:00,2,Tuesday,9.05,19.25,7.4,3.45,0,38.5,14.8,0,5.775,2.22,,,,,14.15
2022-08-30,,0,Long,2022-09-01 10:13:00,2022-09-01 10:13:00,2022-09-01 09:15:00,2022-09-01 09:15:00,,17200.0,17400,18000,18100,2022-09-01 00:00:00,2,Tuesday,"[1.75, 1.75]","[5.6, 5.6]","[2.2, 2.2]","[1.45, 1.45]",0,,,0,,,Exit,Target hit,Target hit,Exit,-4.6
2022-09-06,19.35,1,Short,14:30:00,14:30:00,14:30:00,14:30:00,17704.0,17250.0,17400,18000,18050,2022-09-08 00:00:00,2,Tuesday,10.85,22.95,13.1,7.65,0,45.9,26.2,0,6.885,3.93,,,,,17.549999999999997
2022-09-06,,0,Long,2022-09-07 09:16:00,2022-09-07 09:16:00,2022-09-07 09:17:00,2022-09-07 09:17:00,,17250.0,17400,18000,18050,2022-09-08 00:00:00,2,Tuesday,"[19.9, 0.15]","[49.7, 0.3]","[3.65, 3.65]","[2.7, 2.7]",0,,,0,,,Exit,SL hit,Target hit,Exit,-30.750000000000004
2022-09-13,17.47,1,Short,14:30:00,14:30:00,14:30:00,14:30:00,18072.8,17600.0,17750,18350,18400,2022-09-15 00:00:00,2,Tuesday,8.55,17.25,9.2,5.2,0,34.5,18.4,0,5.175,2.76,,,,,12.7
2022-09-13,,0,Long,2022-09-14 09:15:00,2022-09-14 09:15:00,2022-09-14 09:16:00,2022-09-14 09:16:00,,17600.0,17750,18350,18400,2022-09-15 00:00:00,2,Tuesday,"[37.0, 0.1]","[89.0, 0.35]","[2.0, 2.0]","[1.95, 1.95]",0,,,0,,,Exit,SL hit,Target hit,Exit,-52.05
2022-09-20,18.71,1,Short,14:30:00,14:30:00,14:30:00,14:30:00,17879.75,17450.0,17600,18200,18250,2022-09-22 00:00:00,2,Tuesday,16.95,32.35,11.3,6.9,0,64.7,22.6,0,9.705,3.39,,,,,19.800000000000004
2022-09-20,,0,Long,2022-09-21 11:52:00,2022-09-21 11:52:00,2022-09-21 13:12:00,2022-09-21 13:12:00,,17450.0,17600,18200,18250,2022-09-22 00:00:00,2,Tuesday,"[31.2, 0.3]","[65.0, 2.95]","[3.3, 3.3]","[2.3, 2.3]",0,,,0,,,Exit,SL hit,Target hit,Exit,-34.8
2022-09-27,21.74,1,Short,14:30:00,14:30:00,14:30:00,14:30:00,17028.15,16600.0,16700,17400,17550,2022-09-29 00:00:00,2,Tuesday,14.35,25.85,17.55,8.25,0,51.7,35.1,0,7.755,5.265,,,,,20.800000000000004
2022-09-27,,0,Long,2022-09-28 09:20:00,2022-09-28 09:20:00,2022-09-28 09:43:00,2022-09-28 09:43:00,,16600.0,16700,17400,17550,2022-09-29 00:00:00,2,Tuesday,"[27.65, 0.15]","[51.9, 0.45]","[5.25, 5.25]","[3.9, 3.9]",0,,,0,,,Exit,SL hit,Target hit,Exit,-25.6
2022-01-04,16.24,1,Short,14:30:00,14:30:00,14:30:00,14:30:00,17742.3,17350.0,17500,18000,18100,2022-01-06 00:00:00,2,Tuesday,9.5,18.75,7.55,3.2,0,37.5,15.1,0,5.625,2.265,,,,,13.6
2022-01-04,,0,Long,2022-01-05 12:13:00,2022-01-05 12:13:00,2022-01-04 15:19:00,2022-01-04 15:19:00,,17350.0,17500,18000,18100,2022-01-06 00:00:00,2,Tuesday,"[4.0, 4.0]","[5.4, 5.4]","[15.3, 0.2]","[5.25, 0.15]",0,,,0,,,Exit,Target hit,SL hit,Exit,-11.450000000000005
2022-01-11,17.86,1,Short,14:30:00,14:30:00,14:30:00,14:30:00,18059.25,17600.0,17750,18350,18400,2022-01-13 00:00:00,2,Tuesday,7.65,16.0,8.6,5.1,0,32.0,17.2,0,4.8,2.58,,,,,11.85
2022-01-11,,0,Long,2022-01-12 09:45:00,2022-01-12 09:45:00,2022-01-13 09:15:00,2022-01-13 09:15:00,,17600.0,17750,18350,18400,2022-01-13 00:00:00,2,Tuesday,"[3.15, 3.15]","[4.8, 4.8]","[19.7, 0.15]","[3.85, 0.1]",0,,,0,,,Exit,Target hit,SL hit,Exit,-17.5
2022-01-18,17.3,1,Short,14:30:00,14:30:00,14:30:00,14:30:00,18247.7,17850.0,17950,18550,18650,2022-01-20 00:00:00,2,Tuesday,6.25,12.5,9.2,3.95,0,25.0,18.4,0,3.75,2.76,,,,,11.5
2022-01-18,,0,Long,2022-01-18 14:52:00,2022-01-18 14:52:00,2022-01-19 09:16:00,2022-01-19 09:16:00,,17850.0,17950,18550,18650,2022-01-20 00:00:00,2,Tuesday,"[13.4, 134.05]","[26.6, 233.9]","[2.6, 2.6]","[2.0, 2.0]",0,,,0,,,Exit,SL hit,Target hit,Exit,-13.800000000000002
2022-01-25,21.88,1,Short,14:30:00,14:30:00,14:30:00,14:30:00,17207.35,16650.0,16850,17550,17650,2022-01-27 00:00:00,2,Tuesday,11.95,23.65,13.2,7.35,0,47.3,26.4,0,7.095,3.96,,,,,17.549999999999997
2022-01-25,,0,Long,2022-01-27 09:15:00,2022-01-27 09:15:00,2022-01-27 09:15:00,2022-01-27 09:15:00,,16650.0,16850,17550,17650,2022-01-27 00:00:00,2,Tuesday,"[13.35, 0.3]","[57.9, 0.65]","[3.6, 3.6]","[2.4, 2.4]",0,,,0,,,Exit,SL hit,Target hit,Exit,-45.75
2022-02-01,20.04,1,Short,14:30:00,14:30:00,14:30:00,14:30:00,17583.15,17150.0,17300,17900,18050,2022-02-03 00:00:00,2,Tuesday,22.45,45.1,43.25,22.25,0,90.2,86.5,0,13.53,12.975,,,,,43.64999999999999
2022-02-01,,0,Long,2022-02-02 09:16:00,2022-02-02 09:16:00,2022-02-03 09:15:00,2022-02-03 09:15:00,,17150.0,17300,17900,18050,2022-02-03 00:00:00,2,Tuesday,"[4.3, 4.3]","[7.6, 7.6]","[11.8, 11.8]","[3.8, 3.8]",0,,,0,,,Exit,Target hit,Target hit,Exit,-11.3
2022-02-08,19.95,1,Short,14:30:00,14:30:00,14:30:00,14:30:00,17172.6,16700.0,16850,17450,17550,2022-02-10 00:00:00,2,Tuesday,12.1,23.5,19.95,10.5,0,47.0,39.9,0,7.05,5.984999999999999,,,,,20.85
2022-02-08,,0,Long,2022-02-09 09:15:00,2022-02-09 09:15:00,2022-02-09 09:16:00,2022-02-09 09:16:00,,16700.0,16850,17450,17550,2022-02-10 00:00:00,2,Tuesday,"[3.85, 3.85]","[6.75, 6.75]","[40.0, 164.35]","[18.3, 64.75]",0,,,0,,,Exit,Target hit,SL hit,Exit,-24.6
2022-02-15,21.41,1,Short,14:30:00,14:30:00,14:30:00,14:30:00,17286.0,16750.0,16950,17650,17750,2022-02-17 00:00:00,2,Tuesday,19.9,40.65,19.45,10.15,0,81.3,38.9,0,12.195,5.835,,,,,30.05
2022-02-15,,0,Long,2022-02-16 09:16:00,2022-02-16 09:16:00,2022-02-16 15:02:00,2022-02-16 15:02:00,,16750.0,16950,17650,17750,2022-02-17 00:00:00,2,Tuesday,"[5.85, 5.85]","[10.4, 10.4]","[5.7, 5.7]","[3.05, 3.05]",0,,,0,,,Exit,Target hit,Target hit,Exit,-7.200000000000003
2022-02-22,26.2,1,Short,14:30:00,14:30:00,14:30:00,14:30:00,17111.1,16450.0,16700,17500,17600,2022-02-24 00:00:00,2,Tuesday,18.35,39.5,17.15,8.9,0,79.0,34.3,0,11.85,5.145,,,,,29.4
2022-02-22,,0,Long,2022-02-23 09:20:00,2022-02-23 09:20:00,2022-02-23 12:32:00,2022-02-23 12:32:00,,16450.0,16700,17500,17600,2022-02-24 00:00:00,2,Tuesday,"[5.6, 5.6]","[11.8, 11.8]","[5.1, 5.1]","[2.25, 2.25]",0,,,0,,,Exit,Target hit,Target hit,Exit,-9.05
2022-03-08,29.22,1,Short,14:30:00,14:30:00,14:30:00,14:30:00,15876.75,15250.0,15500,16300,16450,2022-03-10 00:00:00,2,Tuesday,30.35,64.3,48.25,26.0,0,128.6,96.5,0,19.29,14.475,,,,,56.2
2022-03-08,,0,Long,2022-03-09 09:22:00,2022-03-09 09:22:00,2022-03-09 12:47:00,2022-03-09 12:47:00,,15250.0,15500,16300,16450,2022-03-10 00:00:00,2,Tuesday,"[6.25, 6.25]","[17.8, 17.8]","[101.0, 254.85]","[42.45, 107.9]",0,,,0,,,Exit,Target hit,SL hit,Exit,-70.1
2022-03-15,27.26,1,Short,14:30:00,14:30:00,14:30:00,14:30:00,16583.95,15950.0,16200,17000,17150,2022-03-17 00:00:00,2,Tuesday,36.2,74.75,37.95,18.35,0,149.5,75.9,0,22.425,11.385,,,,,58.15
2022-03-15,,0,Long,2022-03-16 09:15:00,2022-03-16 09:15:00,2022-03-16 09:16:00,2022-03-16 09:16:00,,15950.0,16200,17000,17150,2022-03-17 00:00:00,2,Tuesday,"[10.65, 10.65]","[22.0, 22.0]","[79.2, 314.3]","[36.6, 164.5]",0,,,0,,,Exit,Target hit,SL hit,Exit,-53.95
2022-03-22,23.96,1,Short,14:30:00,14:30:00,14:30:00,14:30:00,17258.8,16750.0,16900,17600,17700,2022-03-24 00:00:00,2,Tuesday,17.25,34.25,38.25,21.8,0,68.5,76.5,0,10.275,11.475,,,,,33.45
2022-03-22,,0,Long,2022-03-23 09:16:00,2022-03-23 09:16:00,2022-03-23 12:35:00,2022-03-23 12:35:00,,16750.0,16900,17600,17700,2022-03-24 00:00:00,2,Tuesday,"[4.65, 4.65]","[7.25, 7.25]","[11.45, 11.45]","[5.7, 5.7]",0,,,0,,,Exit,Target hit,Target hit,Exit,-8.349999999999998
2022-03-29,21.54,1,Short,14:30:00,14:30:00,14:30:00,14:30:00,17299.5,16750.0,16950,17650,17750,2022-03-31 00:00:00,2,Tuesday,7.85,16.9,9.8,4.55,0,33.8,19.6,0,5.069999999999999,2.94,,,,,14.3
2022-03-29,,0,Long,2022-03-30 09:15:00,2022-03-30 09:15:00,2022-03-30 09:15:00,2022-03-30 09:15:00,,16750.0,16950,17650,17750,2022-03-31 00:00:00,2,Tuesday,"[6.6, 6.6]","[4.85, 4.85]","[26.15, 0.2]","[9.9, 0.1]",0,,,0,,,Exit,Target hit,SL hit,Exit,-14.5
2022-04-05,18.48,1,Short,14:30:00,14:30:00,14:30:00,14:30:00,17991.45,17500.0,17700,18300,18400,2022-04-07 00:00:00,2,Tuesday,7.95,16.7,16.85,9.15,0,33.4,33.7,0,5.01,5.055000000000001,,,,,16.449999999999996
2022-04-05,,0,Long,2022-04-06 09:15:00,2022-04-06 09:15:00,2022-04-06 09:16:00,2022-04-06 09:16:00,,17500.0,17700,18300,18400,2022-04-07 00:00:00,2,Tuesday,"[13.0, 0.3]","[35.0, 44.15]","[4.35, 4.35]","[2.8, 2.8]",0,,,0,,,Exit,SL hit,Target hit,Exit,-23.55
2022-04-12,18.17,1,Short,14:30:00,14:30:00,14:30:00,14:30:00,17571.35,17250.0,17350,17750,17850,2022-04-13 00:00:00,1,Tuesday,4.5,9.8,12.7,5.9,0,19.6,25.4,0,2.94,3.81,,,,,12.1
2022-04-12,,0,Long,2022-04-13 09:16:00,2022-04-13 09:16:00,2022-04-13 09:16:00,2022-04-13 09:16:00,,17250.0,17350,17750,17850,2022-04-13 00:00:00,1,Tuesday,"[1.05, 1.05]","[1.75, 1.75]","[3.25, 3.25]","[1.35, 1.35]",0,,,0,,,Exit,Target hit,Target hit,Exit,-2.6
2022-04-19,18.25,1,Short,14:30:00,14:30:00,14:30:00,14:30:00,17233.3,16850.0,16950,17550,17650,2022-04-21 00:00:00,2,Tuesday,8.35,15.65,7.55,3.9,0,31.3,15.1,0,4.695,2.265,,,,,10.95
2022-04-19,,0,Long,2022-04-19 14:59:00,2022-04-19 14:59:00,2022-04-20 15:02:00,2022-04-20 15:02:00,,16850.0,16950,17550,17650,2022-04-21 00:00:00,2,Tuesday,"[17.5, 0.15]","[33.0, 0.15]","[2.2, 2.2]","[1.65, 1.65]",0,,,0,,,Exit,SL hit,Target hit,Exit,-16.050000000000004
2022-04-26,19.56,1,Short,14:30:00,14:30:00,14:30:00,14:30:00,17130.5,16700.0,16850,17450,17550,2022-04-28 00:00:00,2,Tuesday,11.1,23.1,13.05,5.6,0,46.2,26.1,0,6.930000000000001,3.915,,,,,19.450000000000006
2022-04-26,,0,Long,2022-04-27 13:00:00,2022-04-27 13:00:00,2022-04-27 11:29:00,2022-04-27 11:29:00,,16700.0,16850,17450,17550,2022-04-28 00:00:00,2,Tuesday,"[20.25, 0.3]","[49.4, 0.3]","[3.9, 3.9]","[2.4, 2.4]",0,,,0,,,Exit,SL hit,Target hit,Exit,-30.65
2022-05-10,22.04,1,Short,14:30:00,14:30:00,14:30:00,14:30:00,16343.2,15900.0,16050,16650,16750,2022-05-12 00:00:00,2,Tuesday,16.8,34.65,21.9,10.4,0,69.3,43.8,0,10.395,6.569999999999999,,,,,29.349999999999994
2022-05-10,,0,Long,2022-05-11 10:12:00,2022-05-11 10:12:00,2022-05-11 09:37:00,2022-05-11 09:37:00,,15900.0,16050,16650,16750,2022-05-12 00:00:00,2,Tuesday,"[34.4, 82.0]","[73.95, 235.25]","[6.35, 6.35]","[3.25, 3.25]",0,,,0,,,Exit,SL hit,Target hit,Exit,-42.65
2022-05-17,23.12,1,Short,14:30:00,14:30:00,14:30:00,14:30:00,16220.85,15650.0,15850,16550,16650,2022-05-19 00:00:00,2,Tuesday,15.9,33.25,14.55,6.25,0,66.5,29.1,0,9.975,4.365,,,,,25.65
2022-05-17,,0,Long,2022-05-18 09:27:00,2022-05-18 09:27:00,2022-05-18 09:53:00,2022-05-18 09:53:00,,15650.0,15850,16550,16650,2022-05-19 00:00:00,2,Tuesday,"[5.0, 5.0]","[9.25, 9.25]","[29.15, 0.15]","[11.65, 0.05]",0,,,0,,,Exit,Target hit,SL hit,Exit,-21.75
2022-05-24,25.81,1,Short,14:30:00,14:30:00,14:30:00,14:30:00,16095.0,15600.0,15750,16450,16550,2022-05-26 00:00:00,2,Tuesday,21.5,41.2,13.65,7.05,0,82.4,27.3,0,12.36,4.095,,,,,26.3
2022-05-24,,0,Long,2022-05-25 09:16:00,2022-05-25 09:16:00,2022-05-25 14:45:00,2022-05-25 14:45:00,,15600.0,15750,16450,16550,2022-05-26 00:00:00,2,Tuesday,"[5.55, 5.55]","[12.1, 12.1]","[4.0, 4.0]","[2.85, 2.85]",0,,,0,,,Exit,Target hit,Target hit,Exit,-7.700000000000001
2022-05-31,20.52,1,Short,14:30:00,14:30:00,14:30:00,14:30:00,16675.3,16250.0,16400,17000,17100,2022-06-02 00:00:00,2,Tuesday,18.5,35.15,12.6,5.2,0,70.3,25.2,0,10.545,3.78,,,,,24.05
2022-05-31,,0,Long,2022-06-02 10:34:00,2022-06-02 10:34:00,2022-06-01 11:56:00,2022-06-01 11:56:00,,16250.0,16400,17000,17100,2022-06-02 00:00:00,2,Tuesday,"[2.6, 2.6]","[10.4, 10.4]","[3.75, 3.75]","[2.15, 2.15]",0,,,0,,,Exit,Target hit,Target hit,Exit,-9.4
2021-09-07,14.96,1,Short,14:30:00,14:30:00,14:30:00,14:30:00,17401.6,17000.0,17150,17650,17750,2021-09-09 00:00:00,2,Tuesday,6.1,11.4,6.6,2.85,0,22.8,13.2,0,3.42,1.98,,,,,9.05
2021-09-07,,0,Long,2021-09-09 09:26:00,2021-09-09 09:26:00,2021-09-08 14:50:00,2021-09-08 14:50:00,,17000.0,17150,17650,17750,2021-09-09 00:00:00,2,Tuesday,"[1.8, 1.8]","[3.2, 3.2]","[1.95, 1.95]","[1.55, 1.55]",0,,,0,,,Exit,Target hit,Target hit,Exit,-1.8000000000000005
2021-09-14,13.68,1,Short,14:30:00,14:30:00,14:30:00,14:30:00,17383.4,17100.0,17200,17600,17700,2021-09-16 00:00:00,2,Tuesday,6.3,13.7,4.75,2.25,0,27.4,9.5,0,4.109999999999999,1.425,,,,,9.9
2021-09-14,,0,Long,2021-09-15 13:44:00,2021-09-15 13:44:00,2021-09-15 13:09:00,2021-09-15 13:09:00,,17100.0,17200,17600,17700,2021-09-16 00:00:00,2,Tuesday,"[2.95, 2.95]","[3.95, 3.95]","[10.25, 37.2]","[2.85, 0.45]",0,,,0,,,Exit,Target hit,SL hit,Exit,-8.399999999999999
2021-09-21,16.88,1,Short,14:30:00,14:30:00,14:30:00,14:30:00,17508.85,17000.0,17250,17750,17850,2021-09-23 00:00:00,2,Tuesday,9.35,19.25,16.2,7.75,0,38.5,32.4,0,5.775,4.859999999999999,,,,,18.35
2021-09-21,,0,Long,2021-09-22 14:36:00,2021-09-22 14:36:00,2021-09-23 12:26:00,2021-09-23 12:26:00,,17000.0,17250,17750,17850,2021-09-23 00:00:00,2,Tuesday,"[3.15, 3.15]","[5.75, 5.75]","[34.55, 50.95]","[4.1, 1.1]",0,,,0,,,Exit,Target hit,SL hit,Exit,-33.05
2021-09-28,18.49,1,Short,14:30:00,14:30:00,14:30:00,14:30:00,17593.65,17150.0,17300,17900,18050,2021-09-30 00:00:00,2,Tuesday,8.35,17.15,17.55,8.95,0,34.3,35.1,0,5.145,5.265,,,,,17.400000000000006
2021-09-28,,0,Long,2021-09-28 15:13:00,2021-09-28 15:13:00,2021-09-28 15:10:00,2021-09-28 15:10:00,,17150.0,17300,17900,18050,2021-09-30 00:00:00,2,Tuesday,"[3.35, 3.35]","[4.9, 4.9]","[36.8, 0.25]","[15.15, 0.1]",0,,,0,,,Exit,Target hit,SL hit,Exit,-23.2
2021-10-05,16.37,1,Short,14:30:00,14:30:00,14:30:00,14:30:00,17792.75,17400.0,17550,18050,18150,2021-10-07 00:00:00,2,Tuesday,8.5,17.35,7.45,3.25,0,34.7,14.9,0,5.205,2.235,,,,,13.05
2021-10-05,,0,Long,2021-10-06 15:27:00,2021-10-06 15:27:00,2021-10-07 09:19:00,2021-10-07 09:19:00,,17400.0,17550,18050,18150,2021-10-07 00:00:00,2,Tuesday,"[10.35, 0.2]","[35.85, 0.15]","[2.0, 2.0]","[1.4, 1.4]",0,,,0,,,Exit,SL hit,Target hit,Exit,-26.1
2021-10-12,15.9,1,Short,14:30:00,14:30:00,14:30:00,14:30:00,17975.7,17650.0,17750,18250,18300,2021-10-14 00:00:00,2,Tuesday,10.6,19.4,7.0,4.1,0,38.8,14.0,0,5.819999999999999,2.1,,,,,11.7
2021-10-12,,0,Long,2021-10-13 14:16:00,2021-10-13 14:16:00,2021-10-13 09:50:00,2021-10-13 09:50:00,,17650.0,17750,18250,18300,2021-10-14 00:00:00,2,Tuesday,"[4.8, 4.8]","[5.8, 5.8]","[14.65, 74.5]","[7.2, 25.45]",0,,,0,,,Exit,Target hit,SL hit,Exit,-8.45
2021-10-19,17.14,1,Short,14:30:00,14:30:00,14:30:00,14:30:00,18519.7,17950.0,18200,18800,18900,2021-10-21 00:00:00,2,Tuesday,7.3,15.3,10.45,4.85,0,30.6,20.9,0,4.59,3.135,,,,,13.6
2021-10-19,,0,Long,2021-10-19 15:11:00,2021-10-19 15:11:00,2021-10-20 12:58:00,2021-10-20 12:58:00,,17950.0,18200,18800,18900,2021-10-21 00:00:00,2,Tuesday,"[11.55, 0.3]","[30.65, 20.55]","[3.1, 3.1]","[2.5, 2.5]",0,,,0,,,Exit,SL hit,Target hit,Exit,-19.7
2021-10-26,16.94,1,Short,14:30:00,14:30:00,14:30:00,14:30:00,18248.3,17850.0,18000,18500,18600,2021-10-28 00:00:00,2,Tuesday,12.85,26.8,16.5,6.85,0,53.6,33.0,0,8.04,4.95,,,,,23.6
2021-10-26,,0,Long,2021-10-27 12:33:00,2021-10-27 12:33:00,2021-10-27 15:02:00,2021-10-27 15:02:00,,17850.0,18000,18500,18600,2021-10-28 00:00:00,2,Tuesday,"[4.4, 4.4]","[7.9, 7.9]","[4.95, 4.95]","[3.05, 3.05]",0,,,0,,,Exit,Target hit,Target hit,Exit,-5.400000000000001
2021-11-02,17.26,1,Short,14:30:00,14:30:00,14:30:00,14:30:00,17895.05,17600.0,17700,18100,18200,2021-11-03 00:00:00,1,Tuesday,8.45,18.45,11.1,5.45,0,36.9,22.2,0,5.534999999999999,3.33,,,,,15.65
2021-11-02,,0,Long,2021-11-03 09:16:00,2021-11-03 09:16:00,2021-11-03 11:47:00,2021-11-03 11:47:00,,17600.0,17700,18100,18200,2021-11-03 00:00:00,1,Tuesday,"[2.5, 2.5]","[4.95, 4.95]","[3.2, 3.2]","[1.4, 1.4]",0,,,0,,,Exit,Target hit,Target hit,Exit,-4.25
2021-11-09,16.16,1,Short,14:30:00,14:30:00,14:30:00,14:30:00,18048.0,17700.0,17800,18300,18400,2021-11-11 00:00:00,2,Tuesday,10.25,19.6,12.15,5.15,0,39.2,24.3,0,5.88,3.645,,,,,16.35
2021-11-09,,0,Long,2021-11-10 09:47:00,2021-11-10 09:47:00,2021-11-10 12:33:00,2021-11-10 12:33:00,,17700.0,17800,18300,18400,2021-11-11 00:00:00,2,Tuesday,"[19.7, 0.4]","[39.5, 2.75]","[3.5, 3.5]","[2.7, 2.7]",0,,,0,,,Exit,SL hit,Target hit,Exit,-20.6
2021-11-16,15.39,1,Short,14:30:00,14:30:00,14:30:00,14:30:00,17991.2,17650.0,17750,18250,18350,2021-11-18 00:00:00,2,Tuesday,8.55,17.4,13.95,6.45,0,34.8,27.9,0,5.22,4.185,,,,,16.349999999999998
2021-11-16,,0,Long,2021-11-18 10:17:00,2021-11-18 10:17:00,2021-11-17 14:30:00,2021-11-17 14:30:00,,17650.0,17750,18250,18350,2021-11-18 00:00:00,2,Tuesday,"[12.15, 0.3]","[36.5, 1.15]","[4.15, 4.15]","[2.8, 2.8]",0,,,0,,,Exit,SL hit,Target hit,Exit,-25.7
2021-11-23,17.78,1,Short,14:30:00,14:30:00,14:30:00,14:30:00,17527.8,17050.0,17250,17850,18000,2021-11-25 00:00:00,2,Tuesday,10.1,22.05,7.2,3.75,0,44.1,14.4,0,6.615,2.16,,,,,15.4
2021-11-23,,0,Long,2021-11-24 12:35:00,2021-11-24 12:35:00,2021-11-24 14:16:00,2021-11-24 14:16:00,,17050.0,17250,17850,18000,2021-11-25 00:00:00,2,Tuesday,"[3.1, 3.1]","[6.6, 6.6]","[2.15, 2.15]","[1.45, 1.45]",0,,,0,,,Exit,Target hit,Target hit,Exit,-4.2
2021-11-30,20.48,1,Short,14:30:00,14:30:00,14:30:00,14:30:00,17165.5,16650.0,16850,17450,17550,2021-12-02 00:00:00,2,Tuesday,18.6,37.4,13.1,5.35,0,74.8,26.2,0,11.22,3.93,,,,,26.55
2021-11-30,,0,Long,2021-12-01 14:29:00,2021-12-01 14:29:00,2021-12-01 13:58:00,2021-12-01 13:58:00,,16650.0,16850,17450,17550,2021-12-02 00:00:00,2,Tuesday,"[3.75, 3.75]","[10.35, 10.35]","[3.85, 3.85]","[2.3, 2.3]",0,,,0,,,Exit,Target hit,Target hit,Exit,-8.149999999999999
2021-12-07,18.52,1,Short,14:30:00,14:30:00,14:30:00,14:30:00,17243.85,16750.0,16950,17550,17650,2021-12-09 00:00:00,2,Tuesday,9.35,20.35,10.7,4.8,0,40.7,21.4,0,6.105,3.2099999999999995,,,,,16.900000000000002
2021-12-07,,0,Long,2021-12-08 10:42:00,2021-12-08 10:42:00,2021-12-08 09:43:00,2021-12-08 09:43:00,,16750.0,16950,17550,17650,2021-12-09 00:00:00,2,Tuesday,"[3.7, 3.7]","[6.1, 6.1]","[23.0, 0.7]","[8.3, 0.25]",0,,,0,,,Exit,Target hit,SL hit,Exit,-17.1
2021-12-14,17.25,1,Short,14:30:00,14:30:00,14:30:00,14:30:00,17263.6,16900.0,17000,17500,17600,2021-12-16 00:00:00,2,Tuesday,11.95,22.2,24.15,12.9,0,44.4,48.3,0,6.659999999999999,7.244999999999999,,,,,21.499999999999996
2021-12-14,,0,Long,2021-12-16 09:15:00,2021-12-16 09:15:00,2021-12-15 15:18:00,2021-12-15 15:18:00,,16900.0,17000,17500,17600,2021-12-16 00:00:00,2,Tuesday,"[3.7, 3.7]","[1.0, 1.0]","[7.05, 7.05]","[4.15, 4.15]",0,,,0,,,Exit,Target hit,Target hit,Exit,-0.2000000000000001
2021-12-21,17.65,1,Short,14:30:00,14:30:00,14:30:00,14:30:00,16749.55,16350.0,16500,17000,17100,2021-12-23 00:00:00,2,Tuesday,15.3,31.6,22.65,11.35,0,63.2,45.3,0,9.48,6.794999999999999,,,,,27.6
2021-12-21,,0,Long,2021-12-22 09:17:00,2021-12-22 09:17:00,2021-12-22 09:16:00,2021-12-22 09:16:00,,16350.0,16500,17000,17100,2021-12-23 00:00:00,2,Tuesday,"[4.4, 4.4]","[9.2, 9.2]","[45.5, 66.85]","[22.25, 1.5]",0,,,0,,,Exit,Target hit,SL hit,Exit,-28.050000000000004
2021-12-28,16.51,1,Short,14:30:00,14:30:00,14:30:00,14:30:00,17234.9,16800.0,17000,17500,17550,2021-12-30 00:00:00,2,Tuesday,10.05,21.6,8.3,4.8,0,43.2,16.6,0,6.48,2.49,,,,,15.05
2021-12-28,,0,Long,2021-12-30 09:19:00,2021-12-30 09:19:00,2021-12-29 14:53:00,2021-12-29 14:53:00,,16800.0,17000,17500,17550,2021-12-30 00:00:00,2,Tuesday,"[1.1, 1.1]","[6.1, 6.1]","[2.45, 2.45]","[1.55, 1.55]",0,,,0,,,Exit,Target hit,Target hit,Exit,-5.9
2021-06-08,15.28,1,Short,14:30:00,14:30:00,14:30:00,14:30:00,15742.8,15450.0,15550,15950,16050,2021-06-10 00:00:00,2,Tuesday,7.45,14.95,8.3,3.45,0,29.9,16.6,0,4.484999999999999,2.49,,,,,12.35
2021-06-08,,0,Long,2021-06-09 14:35:00,2021-06-09 14:35:00,2021-06-09 15:06:00,2021-06-09 15:06:00,,15450.0,15550,15950,16050,2021-06-10 00:00:00,2,Tuesday,"[14.0, 0.3]","[32.05, 0.45]","[2.45, 2.45]","[2.05, 2.05]",0,,,0,,,Exit,SL hit,Target hit,Exit,-18.45
2021-06-15,14.55,1,Short,14:30:00,14:30:00,14:30:00,14:30:00,15884.95,15600.0,15700,16100,16200,2021-06-17 00:00:00,2,Tuesday,9.6,17.85,4.5,2.4,0,35.7,9.0,0,5.355,1.35,,,,,10.35
2021-06-15,,0,Long,2021-06-16 15:20:00,2021-06-16 15:20:00,2021-06-17 09:15:00,2021-06-17 09:15:00,,15600.0,15700,16100,16200,2021-06-17 00:00:00,2,Tuesday,"[16.15, 0.95]","[39.15, 35.05]","[1.2, 1.2]","[1.0, 1.0]",0,,,0,,,Exit,SL hit,Target hit,Exit,-23.200000000000003
2021-06-22,14.49,1,Short,14:30:00,14:30:00,14:30:00,14:30:00,15837.75,15500.0,15650,16050,16150,2021-06-24 00:00:00,2,Tuesday,8.1,17.05,8.1,4.05,0,34.1,16.2,0,5.115,2.43,,,,,13.0
2021-06-22,,0,Long,2021-06-22 15:19:00,2021-06-22 15:19:00,2021-06-24 09:15:00,2021-06-24 09:15:00,,15500.0,15650,16050,16150,2021-06-24 00:00:00,2,Tuesday,"[12.85, 0.3]","[34.35, 0.65]","[0.9, 0.9]","[1.6, 1.6]",0,,,0,,,Exit,SL hit,Target hit,Exit,-20.8
2021-06-29,13.05,1,Short,14:30:00,14:30:00,14:30:00,14:30:00,15760.9,15500.0,15550,15950,16050,2021-07-01 00:00:00,2,Tuesday,5.7,9.05,10.5,4.35,0,18.1,21.0,0,2.7150000000000003,3.15,,,,,9.5
2021-06-29,,0,Long,2021-07-01 09:15:00,2021-07-01 09:15:00,2021-06-30 14:42:00,2021-06-30 14:42:00,,15500.0,15550,15950,16050,2021-07-01 00:00:00,2,Tuesday,"[1.7, 1.7]","[2.6, 2.6]","[3.1, 3.1]","[1.75, 1.75]",0,,,0,,,Exit,Target hit,Target hit,Exit,-2.25
2021-07-06,12.3,1,Short,14:30:00,14:30:00,14:30:00,14:30:00,15861.0,15600.0,15700,16000,16050,2021-07-08 00:00:00,2,Tuesday,7.5,13.85,9.8,5.2,0,27.7,19.6,0,4.154999999999999,2.94,,,,,10.95
2021-07-06,,0,Long,2021-07-08 09:16:00,2021-07-08 09:16:00,2021-07-08 09:15:00,2021-07-08 09:15:00,,15600.0,15700,16000,16050,2021-07-08 00:00:00,2,Tuesday,"[2.05, 2.05]","[3.65, 3.65]","[1.45, 1.45]","[1.4, 1.4]",0,,,0,,,Exit,Target hit,Target hit,Exit,-1.65
2021-07-13,12.76,1,Short,14:30:00,14:30:00,14:30:00,14:30:00,15801.75,15450.0,15600,16000,16100,2021-07-15 00:00:00,2,Tuesday,5.4,11.8,4.35,2.15,0,23.6,8.7,0,3.54,1.305,,,,,8.599999999999998
2021-07-13,,0,Long,2021-07-14 15:02:00,2021-07-14 15:02:00,2021-07-15 14:37:00,2021-07-15 14:37:00,,15450.0,15600,16000,16100,2021-07-15 00:00:00,2,Tuesday,"[2.05, 2.05]","[3.4, 3.4]","[0.95, 0.95]","[0.4, 0.4]",0,,,0,,,Exit,Target hit,Target hit,Exit,-1.9
2021-07-20,13.11,1,Short,14:30:00,14:30:00,14:30:00,14:30:00,15660.55,15300.0,15450,15850,16000,2021-07-22 00:00:00,2,Tuesday,3.3,6.55,7.3,3.4,0,13.1,14.6,0,1.965,2.19,,,,,7.15
2021-07-20,,0,Long,2021-07-22 09:16:00,2021-07-22 09:16:00,2021-07-22 13:16:00,2021-07-22 13:16:00,,15300.0,15450,15850,16000,2021-07-22 00:00:00,2,Tuesday,"[1.15, 1.15]","[1.6, 1.6]","[2.15, 2.15]","[0.65, 0.65]",0,,,0,,,Exit,Target hit,Target hit,Exit,-1.95
2021-07-27,13.49,1,Short,14:30:00,14:30:00,14:30:00,14:30:00,15712.25,15400.0,15500,15900,16000,2021-07-29 00:00:00,2,Tuesday,6.4,12.65,11.7,5.05,0,25.3,23.4,0,3.795,3.51,,,,,12.900000000000002
2021-07-27,,0,Long,2021-07-28 10:31:00,2021-07-28 10:31:00,2021-07-28 14:23:00,2021-07-28 14:23:00,,15400.0,15500,15900,16000,2021-07-29 00:00:00,2,Tuesday,"[10.5, 0.2]","[26.85, 0.15]","[3.5, 3.5]","[1.95, 1.95]",0,,,0,,,Exit,SL hit,Target hit,Exit,-17.900000000000002
2021-08-03,13.42,1,Short,14:30:00,14:30:00,14:30:00,14:30:00,16052.6,15700.0,15850,16250,16400,2021-08-05 00:00:00,2,Tuesday,10.6,20.5,5.6,2.55,0,41.0,11.2,0,6.15,1.68,,,,,12.950000000000005
2021-08-03,,0,Long,2021-08-04 12:05:00,2021-08-04 12:05:00,2021-08-03 14:43:00,2021-08-03 14:43:00,,15700.0,15850,16250,16400,2021-08-05 00:00:00,2,Tuesday,"[4.25, 4.25]","[5.75, 5.75]","[12.6, 67.85]","[4.1, 0.1]",0,,,0,,,Exit,Target hit,SL hit,Exit,-10.000000000000002
2021-08-10,12.85,1,Short,14:30:00,14:30:00,14:30:00,14:30:00,16251.4,15900.0,16050,16450,16550,2021-08-12 00:00:00,2,Tuesday,5.15,10.25,7.8,3.4,0,20.5,15.6,0,3.075,2.34,,,,,9.5
2021-08-10,,0,Long,2021-08-11 11:16:00,2021-08-11 11:16:00,2021-08-11 14:52:00,2021-08-11 14:52:00,,15900.0,16050,16450,16550,2021-08-12 00:00:00,2,Tuesday,"[8.15, 0.25]","[20.85, 0.25]","[2.25, 2.25]","[1.4, 1.4]",0,,,0,,,Exit,SL hit,Target hit,Exit,-13.55
2021-08-17,13.38,1,Short,14:30:00,14:30:00,14:30:00,14:30:00,16568.05,16300.0,16400,16700,16750,2021-08-18 00:00:00,1,Tuesday,5.8,11.45,4.75,2.4,0,22.9,9.5,0,3.435,1.425,,,,,8.0
2021-08-17,,0,Long,2021-08-18 09:16:00,2021-08-18 09:16:00,2021-08-17 15:12:00,2021-08-17 15:12:00,,16300.0,16400,16700,16750,2021-08-18 00:00:00,1,Tuesday,"[2.35, 2.35]","[3.15, 3.15]","[9.8, 0.55]","[3.95, 0.4]",0,,,0,,,Exit,Target hit,SL hit,Exit,-6.65
2021-08-24,13.56,1,Short,14:30:00,14:30:00,14:30:00,14:30:00,16635.3,16300.0,16450,16850,16950,2021-08-26 00:00:00,2,Tuesday,7.95,17.15,3.85,1.85,0,34.3,7.7,0,5.145,1.155,,,,,11.2
2021-08-24,,0,Long,2021-08-25 15:20:00,2021-08-25 15:20:00,2021-08-26 09:15:00,2021-08-26 09:15:00,,16300.0,16450,16850,16950,2021-08-26 00:00:00,2,Tuesday,"[2.5, 2.5]","[5.1, 5.1]","[1.0, 1.0]","[1.0, 1.0]",0,,,0,,,Exit,Target hit,Target hit,Exit,-2.6
2021-08-31,14.22,1,Short,14:30:00,14:30:00,14:30:00,14:30:00,17061.55,16700.0,16850,17250,17350,2021-09-02 00:00:00,2,Tuesday,11.0,20.75,8.9,3.75,0,41.5,17.8,0,6.225,2.67,,,,,14.9
2021-08-31,,0,Long,2021-09-01 12:52:00,2021-09-01 12:52:00,2021-08-31 15:08:00,2021-08-31 15:08:00,,16700.0,16850,17250,17350,2021-09-02 00:00:00,2,Tuesday,"[3.7, 3.7]","[6.15, 6.15]","[18.65, 3.4]","[7.1, 0.3]",0,,,0,,,Exit,Target hit,SL hit,Exit,-13.999999999999996
