Date,Daily PnL,File Path,File Name
2021-06-10,31.39875,"NIFTY_candle_5T_range_[50, 50]_delta_0,3_time_09,30.csv",pnl_threshold_-20480.13.csv
2021-06-17,-126.37125,"NIFTY_candle_5T_range_[50, 50]_delta_0,3_time_09,30.csv",pnl_threshold_-20480.13.csv
2021-06-24,-54.9075,"NIFTY_candle_5T_range_[50, 50]_delta_0,3_time_09,30.csv",pnl_threshold_-20480.13.csv
2021-07-01,23.9,"NIFTY_candle_5T_range_[50, 50]_delta_0,3_time_09,30.csv",pnl_threshold_-20480.13.csv
2021-07-08,8.9,"NIFTY_candle_5T_range_[50, 50]_delta_0,3_time_09,30.csv",pnl_threshold_-20480.13.csv
2021-07-15,-54.9075,"NIFTY_candle_5T_range_[50, 50]_delta_0,3_time_09,30.csv",pnl_threshold_-20480.13.csv
2021-07-22,31.39875,"NIFTY_candle_5T_range_[50, 50]_delta_0,3_time_09,30.csv",pnl_threshold_-20480.13.csv
2021-07-29,-66.19125,"NIFTY_candle_5T_range_[50, 50]_delta_0,3_time_09,30.csv",pnl_threshold_-20480.13.csv
2021-08-05,31.39875,"NIFTY_candle_5T_range_[50, 50]_delta_0,3_time_09,30.csv",pnl_threshold_-20480.13.csv
2021-08-12,98.69625,"NIFTY_candle_5T_range_[50, 50]_delta_0,3_time_09,30.csv",pnl_threshold_-20480.13.csv
2021-08-18,-28.6,"NIFTY_candle_5T_range_[50, 50]_delta_0,3_time_09,30.csv",pnl_threshold_-20480.13.csv
2021-08-26,5.2,"NIFTY_candle_5T_range_[50, 50]_delta_0,3_time_09,30.csv",pnl_threshold_-20480.13.csv
2021-09-02,80.0025,"NIFTY_candle_5T_range_[50, 50]_delta_0,3_time_09,30.csv",pnl_threshold_-20480.13.csv
2021-09-09,-81.23625,"NIFTY_candle_5T_range_[50, 50]_delta_0,3_time_09,30.csv",pnl_threshold_-20480.13.csv
2021-09-16,-6.05,"NIFTY_candle_5T_range_[50, 50]_delta_0,3_time_09,30.csv",pnl_threshold_-20480.13.csv
2021-09-23,-24.85,"NIFTY_candle_5T_range_[50, 50]_delta_0,3_time_09,30.csv",pnl_threshold_-20480.13.csv
2021-09-30,87.48,"NIFTY_candle_5T_range_[50, 50]_delta_0,3_time_09,30.csv",pnl_threshold_-20480.13.csv
2021-10-07,8.9,"NIFTY_candle_5T_range_[50, 50]_delta_0,3_time_09,30.csv",pnl_threshold_-20480.13.csv
2021-10-14,91.21875,"NIFTY_candle_5T_range_[50, 50]_delta_0,3_time_09,30.csv",pnl_threshold_-20480.13.csv
2021-10-21,12.65,"NIFTY_candle_5T_range_[50, 50]_delta_0,3_time_09,30.csv",pnl_threshold_-20480.13.csv
2021-10-28,65.0475,"NIFTY_candle_5T_range_[50, 50]_delta_0,3_time_09,30.csv",pnl_threshold_-20480.13.csv
2021-11-03,80.0025,"NIFTY_candle_5T_range_[50, 50]_delta_0,3_time_09,30.csv",pnl_threshold_-20480.13.csv
2021-11-11,1.4500000000000002,"NIFTY_candle_5T_range_[50, 50]_delta_0,3_time_09,30.csv",pnl_threshold_-20480.13.csv
2021-11-18,169.7325,"NIFTY_candle_5T_range_[50, 50]_delta_0,3_time_09,30.csv",pnl_threshold_-20480.13.csv
2021-11-25,121.12875,"NIFTY_candle_5T_range_[50, 50]_delta_0,3_time_09,30.csv",pnl_threshold_-20480.13.csv
2021-12-02,177.21,"NIFTY_candle_5T_range_[50, 50]_delta_0,3_time_09,30.csv",pnl_threshold_-20480.13.csv
2021-12-09,20.15,"NIFTY_candle_5T_range_[50, 50]_delta_0,3_time_09,30.csv",pnl_threshold_-20480.13.csv
2021-12-16,-13.6,"NIFTY_candle_5T_range_[50, 50]_delta_0,3_time_09,30.csv",pnl_threshold_-20480.13.csv
2021-12-23,53.83125,"NIFTY_candle_5T_range_[50, 50]_delta_0,3_time_09,30.csv",pnl_threshold_-20480.13.csv
2021-12-30,-62.43,"NIFTY_candle_5T_range_[50, 50]_delta_0,3_time_09,30.csv",pnl_threshold_-20480.13.csv
2022-01-13,57.57,"NIFTY_candle_5T_range_[50, 50]_delta_0,3_time_09,30.csv",pnl_threshold_-20480.13.csv
2022-01-20,349.1925,"NIFTY_candle_5T_range_[50, 50]_delta_0,3_time_09,30.csv",pnl_threshold_-20480.13.csv
2022-01-27,-107.565,"NIFTY_candle_5T_range_[50, 50]_delta_0,3_time_09,30.csv",pnl_threshold_-20480.13.csv
2022-02-03,27.65,"NIFTY_candle_5T_range_[50, 50]_delta_0,3_time_09,30.csv",pnl_threshold_-20480.13.csv
2022-02-10,1.4500000000000002,"NIFTY_candle_5T_range_[50, 50]_delta_0,3_time_09,30.csv",pnl_threshold_-20480.13.csv
2022-02-17,-412.22625,"NIFTY_candle_5T_range_[50, 50]_delta_0,3_time_09,30.csv",pnl_threshold_-20480.13.csv
2022-02-24,31.39875,"NIFTY_candle_5T_range_[50, 50]_delta_0,3_time_09,30.csv",pnl_threshold_-20480.13.csv
2022-03-03,-32.35,"NIFTY_candle_5T_range_[50, 50]_delta_0,3_time_09,30.csv",pnl_threshold_-20480.13.csv
2022-03-10,27.65,"NIFTY_candle_5T_range_[50, 50]_delta_0,3_time_09,30.csv",pnl_threshold_-20480.13.csv
2022-03-17,128.60625,"NIFTY_candle_5T_range_[50, 50]_delta_0,3_time_09,30.csv",pnl_threshold_-20480.13.csv
2022-03-24,106.17375,"NIFTY_candle_5T_range_[50, 50]_delta_0,3_time_09,30.csv",pnl_threshold_-20480.13.csv
2022-03-31,35.1375,"NIFTY_candle_5T_range_[50, 50]_delta_0,3_time_09,30.csv",pnl_threshold_-20480.13.csv
2022-04-07,-9.8,"NIFTY_candle_5T_range_[50, 50]_delta_0,3_time_09,30.csv",pnl_threshold_-20480.13.csv
2022-04-13,65.0475,"NIFTY_candle_5T_range_[50, 50]_delta_0,3_time_09,30.csv",pnl_threshold_-20480.13.csv
2022-04-21,-32.35,"NIFTY_candle_5T_range_[50, 50]_delta_0,3_time_09,30.csv",pnl_threshold_-20480.13.csv
2022-04-28,-39.8625,"NIFTY_candle_5T_range_[50, 50]_delta_0,3_time_09,30.csv",pnl_threshold_-20480.13.csv
2022-05-05,128.60625,"NIFTY_candle_5T_range_[50, 50]_delta_0,3_time_09,30.csv",pnl_threshold_-20480.13.csv
2022-05-12,-235.4475,"NIFTY_candle_5T_range_[50, 50]_delta_0,3_time_09,30.csv",pnl_threshold_-20480.13.csv
2022-05-19,38.87625,"NIFTY_candle_5T_range_[50, 50]_delta_0,3_time_09,30.csv",pnl_threshold_-20480.13.csv
2022-05-26,87.48,"NIFTY_candle_5T_range_[50, 50]_delta_0,3_time_09,30.csv",pnl_threshold_-20480.13.csv
2022-06-02,83.74125,"NIFTY_candle_5T_range_[50, 50]_delta_0,3_time_09,30.csv",pnl_threshold_-20480.13.csv
2022-06-09,31.39875,"NIFTY_candle_5T_range_[50, 50]_delta_0,3_time_09,30.csv",pnl_threshold_-20480.13.csv
2022-06-16,-32.35,"NIFTY_candle_5T_range_[50, 50]_delta_0,3_time_09,30.csv",pnl_threshold_-20480.13.csv
2022-06-23,184.6875,"NIFTY_candle_5T_range_[50, 50]_delta_0,3_time_09,30.csv",pnl_threshold_-20480.13.csv
2022-06-30,-9.8,"NIFTY_candle_5T_range_[50, 50]_delta_0,3_time_09,30.csv",pnl_threshold_-20480.13.csv
2022-07-07,237.03,"NIFTY_candle_5T_range_[50, 50]_delta_0,3_time_09,30.csv",pnl_threshold_-20480.13.csv
2022-07-14,154.7775,"NIFTY_candle_5T_range_[50, 50]_delta_0,3_time_09,30.csv",pnl_threshold_-20480.13.csv
2022-07-21,-69.9525,"NIFTY_candle_5T_range_[50, 50]_delta_0,3_time_09,30.csv",pnl_threshold_-20480.13.csv
2022-07-28,31.39875,"NIFTY_candle_5T_range_[50, 50]_delta_0,3_time_09,30.csv",pnl_threshold_-20480.13.csv
2022-08-04,-32.35,"NIFTY_candle_5T_range_[50, 50]_delta_0,3_time_09,30.csv",pnl_threshold_-20480.13.csv
2022-08-11,-66.19125,"NIFTY_candle_5T_range_[50, 50]_delta_0,3_time_09,30.csv",pnl_threshold_-20480.13.csv
2022-08-18,1.4500000000000002,"NIFTY_candle_5T_range_[50, 50]_delta_0,3_time_09,30.csv",pnl_threshold_-20480.13.csv
2022-08-25,38.87625,"NIFTY_candle_5T_range_[50, 50]_delta_0,3_time_09,30.csv",pnl_threshold_-20480.13.csv
2022-09-01,251.985,"NIFTY_candle_5T_range_[50, 50]_delta_0,3_time_09,30.csv",pnl_threshold_-20480.13.csv
2022-09-08,-24.85,"NIFTY_candle_5T_range_[50, 50]_delta_0,3_time_09,30.csv",pnl_threshold_-20480.13.csv
2022-09-15,109.9125,"NIFTY_candle_5T_range_[50, 50]_delta_0,3_time_09,30.csv",pnl_threshold_-20480.13.csv
2022-09-22,281.895,"NIFTY_candle_5T_range_[50, 50]_delta_0,3_time_09,30.csv",pnl_threshold_-20480.13.csv
2022-09-29,42.615,"NIFTY_candle_5T_range_[50, 50]_delta_0,3_time_09,30.csv",pnl_threshold_-20480.13.csv
2022-10-06,270.67875,"NIFTY_candle_5T_range_[50, 50]_delta_0,3_time_09,30.csv",pnl_threshold_-20480.13.csv
2022-10-13,-13.6,"NIFTY_candle_5T_range_[50, 50]_delta_0,3_time_09,30.csv",pnl_threshold_-20480.13.csv
2022-10-20,143.56125,"NIFTY_candle_5T_range_[50, 50]_delta_0,3_time_09,30.csv",pnl_threshold_-20480.13.csv
2022-10-27,23.9,"NIFTY_candle_5T_range_[50, 50]_delta_0,3_time_09,30.csv",pnl_threshold_-20480.13.csv
2022-11-03,124.8675,"NIFTY_candle_5T_range_[50, 50]_delta_0,3_time_09,30.csv",pnl_threshold_-20480.13.csv
2022-11-10,72.525,"NIFTY_candle_5T_range_[50, 50]_delta_0,3_time_09,30.csv",pnl_threshold_-20480.13.csv
2022-11-17,-62.43,"NIFTY_candle_5T_range_[50, 50]_delta_0,3_time_09,30.csv",pnl_threshold_-20480.13.csv
2022-11-24,20.15,"NIFTY_candle_5T_range_[50, 50]_delta_0,3_time_09,30.csv",pnl_threshold_-20480.13.csv
2022-12-01,16.4,"NIFTY_candle_5T_range_[50, 50]_delta_0,3_time_09,30.csv",pnl_threshold_-20480.13.csv
2022-12-08,76.26375,"NIFTY_candle_5T_range_[50, 50]_delta_0,3_time_09,30.csv",pnl_threshold_-20480.13.csv
2022-12-15,38.87625,"NIFTY_candle_5T_range_[50, 50]_delta_0,3_time_09,30.csv",pnl_threshold_-20480.13.csv
2022-12-22,-130.1325,"NIFTY_candle_5T_range_[50, 50]_delta_0,3_time_09,30.csv",pnl_threshold_-20480.13.csv
2022-12-29,80.0025,"NIFTY_candle_5T_range_[50, 50]_delta_0,3_time_09,30.csv",pnl_threshold_-20480.13.csv
2023-01-05,-17.35,"NIFTY_candle_5T_range_[50, 50]_delta_0,3_time_09,30.csv",pnl_threshold_-20480.13.csv
2023-01-12,121.12875,"NIFTY_candle_5T_range_[50, 50]_delta_0,3_time_09,30.csv",pnl_threshold_-20480.13.csv
2023-01-19,1.4500000000000002,"NIFTY_candle_5T_range_[50, 50]_delta_0,3_time_09,30.csv",pnl_threshold_-20480.13.csv
2023-01-25,20.15,"NIFTY_candle_5T_range_[50, 50]_delta_0,3_time_09,30.csv",pnl_threshold_-20480.13.csv
2023-02-02,-84.9975,"NIFTY_candle_5T_range_[50, 50]_delta_0,3_time_09,30.csv",pnl_threshold_-20480.13.csv
2023-02-09,-24.85,"NIFTY_candle_5T_range_[50, 50]_delta_0,3_time_09,30.csv",pnl_threshold_-20480.13.csv
2023-02-16,-13.6,"NIFTY_candle_5T_range_[50, 50]_delta_0,3_time_09,30.csv",pnl_threshold_-20480.13.csv
2023-02-23,-205.3575,"NIFTY_candle_5T_range_[50, 50]_delta_0,3_time_09,30.csv",pnl_threshold_-20480.13.csv
2023-03-02,-115.0875,"NIFTY_candle_5T_range_[50, 50]_delta_0,3_time_09,30.csv",pnl_threshold_-20480.13.csv
2023-03-09,-58.66875,"NIFTY_candle_5T_range_[50, 50]_delta_0,3_time_09,30.csv",pnl_threshold_-20480.13.csv
2023-03-16,-118.84875,"NIFTY_candle_5T_range_[50, 50]_delta_0,3_time_09,30.csv",pnl_threshold_-20480.13.csv
2023-03-23,-13.6,"NIFTY_candle_5T_range_[50, 50]_delta_0,3_time_09,30.csv",pnl_threshold_-20480.13.csv
2023-03-29,76.26375,"NIFTY_candle_5T_range_[50, 50]_delta_0,3_time_09,30.csv",pnl_threshold_-20480.13.csv
2023-04-06,1.4500000000000002,"NIFTY_candle_5T_range_[50, 50]_delta_0,3_time_09,30.csv",pnl_threshold_-20480.13.csv
2023-04-13,-62.43,"NIFTY_candle_5T_range_[50, 50]_delta_0,3_time_09,30.csv",pnl_threshold_-20480.13.csv
2023-04-20,46.35375,"NIFTY_candle_5T_range_[50, 50]_delta_0,3_time_09,30.csv",pnl_threshold_-20480.13.csv
2023-04-27,-21.1,"NIFTY_candle_5T_range_[50, 50]_delta_0,3_time_09,30.csv",pnl_threshold_-20480.13.csv
2023-05-04,42.615,"NIFTY_candle_5T_range_[50, 50]_delta_0,3_time_09,30.csv",pnl_threshold_-20480.13.csv
2023-05-11,42.615,"NIFTY_candle_5T_range_[50, 50]_delta_0,3_time_09,30.csv",pnl_threshold_-20480.13.csv
2023-05-18,72.525,"NIFTY_candle_5T_range_[50, 50]_delta_0,3_time_09,30.csv",pnl_threshold_-20480.13.csv
2023-05-25,61.30875,"NIFTY_candle_5T_range_[50, 50]_delta_0,3_time_09,30.csv",pnl_threshold_-20480.13.csv
2023-06-01,-54.9075,"NIFTY_candle_5T_range_[50, 50]_delta_0,3_time_09,30.csv",pnl_threshold_-20480.13.csv
2023-06-08,-62.43,"NIFTY_candle_5T_range_[50, 50]_delta_0,3_time_09,30.csv",pnl_threshold_-20480.13.csv
2023-06-15,8.9,"NIFTY_candle_5T_range_[50, 50]_delta_0,3_time_09,30.csv",pnl_threshold_-20480.13.csv
2023-06-22,20.15,"NIFTY_candle_5T_range_[50, 50]_delta_0,3_time_09,30.csv",pnl_threshold_-20480.13.csv
2023-06-28,46.35375,"NIFTY_candle_5T_range_[50, 50]_delta_0,3_time_09,30.csv",pnl_threshold_-20480.13.csv
2023-07-06,12.65,"NIFTY_candle_5T_range_[50, 50]_delta_0,3_time_09,30.csv",pnl_threshold_-20480.13.csv
2023-07-13,50.0925,"NIFTY_candle_5T_range_[50, 50]_delta_0,3_time_09,30.csv",pnl_threshold_-20480.13.csv
2023-07-20,139.8225,"NIFTY_candle_5T_range_[50, 50]_delta_0,3_time_09,30.csv",pnl_threshold_-20480.13.csv
2023-07-27,76.26375,"NIFTY_candle_5T_range_[50, 50]_delta_0,3_time_09,30.csv",pnl_threshold_-20480.13.csv
2023-08-03,154.7775,"NIFTY_candle_5T_range_[50, 50]_delta_0,3_time_09,30.csv",pnl_threshold_-20480.13.csv
2023-08-10,-36.10125,"NIFTY_candle_5T_range_[50, 50]_delta_0,3_time_09,30.csv",pnl_threshold_-20480.13.csv
2023-08-17,-81.23625,"NIFTY_candle_5T_range_[50, 50]_delta_0,3_time_09,30.csv",pnl_threshold_-20480.13.csv
2023-08-24,23.9,"NIFTY_candle_5T_range_[50, 50]_delta_0,3_time_09,30.csv",pnl_threshold_-20480.13.csv
2023-08-31,53.83125,"NIFTY_candle_5T_range_[50, 50]_delta_0,3_time_09,30.csv",pnl_threshold_-20480.13.csv
2023-09-07,35.1375,"NIFTY_candle_5T_range_[50, 50]_delta_0,3_time_09,30.csv",pnl_threshold_-20480.13.csv
2023-09-14,16.4,"NIFTY_candle_5T_range_[50, 50]_delta_0,3_time_09,30.csv",pnl_threshold_-20480.13.csv
2023-09-21,94.9575,"NIFTY_candle_5T_range_[50, 50]_delta_0,3_time_09,30.csv",pnl_threshold_-20480.13.csv
2023-09-28,5.2,"NIFTY_candle_5T_range_[50, 50]_delta_0,3_time_09,30.csv",pnl_threshold_-20480.13.csv
2023-10-05,-21.1,"NIFTY_candle_5T_range_[50, 50]_delta_0,3_time_09,30.csv",pnl_threshold_-20480.13.csv
2023-10-12,76.26375,"NIFTY_candle_5T_range_[50, 50]_delta_0,3_time_09,30.csv",pnl_threshold_-20480.13.csv
2023-10-19,5.2,"NIFTY_candle_5T_range_[50, 50]_delta_0,3_time_09,30.csv",pnl_threshold_-20480.13.csv
2023-10-26,87.48,"NIFTY_candle_5T_range_[50, 50]_delta_0,3_time_09,30.csv",pnl_threshold_-20480.13.csv
2023-11-02,-21.1,"NIFTY_candle_5T_range_[50, 50]_delta_0,3_time_09,30.csv",pnl_threshold_-20480.13.csv
2023-11-09,-54.9075,"NIFTY_candle_5T_range_[50, 50]_delta_0,3_time_09,30.csv",pnl_threshold_-20480.13.csv
2023-11-16,27.65,"NIFTY_candle_5T_range_[50, 50]_delta_0,3_time_09,30.csv",pnl_threshold_-20480.13.csv
2023-11-23,12.65,"NIFTY_candle_5T_range_[50, 50]_delta_0,3_time_09,30.csv",pnl_threshold_-20480.13.csv
2023-11-30,65.0475,"NIFTY_candle_5T_range_[50, 50]_delta_0,3_time_09,30.csv",pnl_threshold_-20480.13.csv
2023-12-07,-107.565,"NIFTY_candle_5T_range_[50, 50]_delta_0,3_time_09,30.csv",pnl_threshold_-20480.13.csv
2023-12-14,-36.10125,"NIFTY_candle_5T_range_[50, 50]_delta_0,3_time_09,30.csv",pnl_threshold_-20480.13.csv
2023-12-21,12.65,"NIFTY_candle_5T_range_[50, 50]_delta_0,3_time_09,30.csv",pnl_threshold_-20480.13.csv
2023-12-28,-107.565,"NIFTY_candle_5T_range_[50, 50]_delta_0,3_time_09,30.csv",pnl_threshold_-20480.13.csv
2024-01-04,-21.1,"NIFTY_candle_5T_range_[50, 50]_delta_0,3_time_09,30.csv",pnl_threshold_-20480.13.csv
2024-01-11,20.15,"NIFTY_candle_5T_range_[50, 50]_delta_0,3_time_09,30.csv",pnl_threshold_-20480.13.csv
2024-01-18,-6.05,"NIFTY_candle_5T_range_[50, 50]_delta_0,3_time_09,30.csv",pnl_threshold_-20480.13.csv
2024-01-25,1.4500000000000002,"NIFTY_candle_5T_range_[50, 50]_delta_0,3_time_09,30.csv",pnl_threshold_-20480.13.csv
2024-02-01,27.65,"NIFTY_candle_5T_range_[50, 50]_delta_0,3_time_09,30.csv",pnl_threshold_-20480.13.csv
2024-02-08,1.4500000000000002,"NIFTY_candle_5T_range_[50, 50]_delta_0,3_time_09,30.csv",pnl_threshold_-20480.13.csv
2024-02-15,-84.9975,"NIFTY_candle_5T_range_[50, 50]_delta_0,3_time_09,30.csv",pnl_threshold_-20480.13.csv
2024-02-22,-423.51,"NIFTY_candle_5T_range_[50, 50]_delta_0,3_time_09,30.csv",pnl_threshold_-20480.13.csv
2024-02-29,-43.62375,"NIFTY_candle_5T_range_[50, 50]_delta_0,3_time_09,30.csv",pnl_threshold_-20480.13.csv
2024-03-07,-39.8625,"NIFTY_candle_5T_range_[50, 50]_delta_0,3_time_09,30.csv",pnl_threshold_-20480.13.csv
2024-03-14,117.39,"NIFTY_candle_5T_range_[50, 50]_delta_0,3_time_09,30.csv",pnl_threshold_-20480.13.csv
2024-03-21,-43.62375,"NIFTY_candle_5T_range_[50, 50]_delta_0,3_time_09,30.csv",pnl_threshold_-20480.13.csv
2024-03-28,-39.8625,"NIFTY_candle_5T_range_[50, 50]_delta_0,3_time_09,30.csv",pnl_threshold_-20480.13.csv
2024-04-04,-731.9325,"NIFTY_candle_5T_range_[50, 50]_delta_0,3_time_09,30.csv",pnl_threshold_-20480.13.csv
2024-04-10,128.60625,"NIFTY_candle_5T_range_[50, 50]_delta_0,3_time_09,30.csv",pnl_threshold_-20480.13.csv
2024-04-18,-235.4475,"NIFTY_candle_5T_range_[50, 50]_delta_0,3_time_09,30.csv",pnl_threshold_-20480.13.csv
2024-04-25,12.65,"NIFTY_candle_5T_range_[50, 50]_delta_0,3_time_09,30.csv",pnl_threshold_-20480.13.csv
2024-05-02,-13.6,"NIFTY_candle_5T_range_[50, 50]_delta_0,3_time_09,30.csv",pnl_threshold_-20480.13.csv
2024-05-09,151.03875,"NIFTY_candle_5T_range_[50, 50]_delta_0,3_time_09,30.csv",pnl_threshold_-20480.13.csv
2024-05-16,-103.80375,"NIFTY_candle_5T_range_[50, 50]_delta_0,3_time_09,30.csv",pnl_threshold_-20480.13.csv
2024-05-23,-62.43,"NIFTY_candle_5T_range_[50, 50]_delta_0,3_time_09,30.csv",pnl_threshold_-20480.13.csv
2024-06-13,65.0475,"NIFTY_candle_5T_range_[50, 50]_delta_0,3_time_09,30.csv",pnl_threshold_-20480.13.csv
2024-06-20,-54.9075,"NIFTY_candle_5T_range_[50, 50]_delta_0,3_time_09,30.csv",pnl_threshold_-20480.13.csv
2024-06-27,-156.46125,"NIFTY_candle_5T_range_[50, 50]_delta_0,3_time_09,30.csv",pnl_threshold_-20480.13.csv
2024-07-04,12.65,"NIFTY_candle_5T_range_[50, 50]_delta_0,3_time_09,30.csv",pnl_threshold_-20480.13.csv
2024-07-11,-92.52,"NIFTY_candle_5T_range_[50, 50]_delta_0,3_time_09,30.csv",pnl_threshold_-20480.13.csv
2024-07-18,-36.10125,"NIFTY_candle_5T_range_[50, 50]_delta_0,3_time_09,30.csv",pnl_threshold_-20480.13.csv
2024-07-25,-32.35,"NIFTY_candle_5T_range_[50, 50]_delta_0,3_time_09,30.csv",pnl_threshold_-20480.13.csv
2024-08-01,-6.05,"NIFTY_candle_5T_range_[50, 50]_delta_0,3_time_09,30.csv",pnl_threshold_-20480.13.csv
2024-08-08,-163.98375,"NIFTY_candle_5T_range_[50, 50]_delta_0,3_time_09,30.csv",pnl_threshold_-20480.13.csv
2024-08-14,98.69625,"NIFTY_candle_5T_range_[50, 50]_delta_0,3_time_09,30.csv",pnl_threshold_-20480.13.csv
2024-08-22,-9.8,"NIFTY_candle_5T_range_[50, 50]_delta_0,3_time_09,30.csv",pnl_threshold_-20480.13.csv
2024-08-29,251.985,"NIFTY_candle_5T_range_[50, 50]_delta_0,3_time_09,30.csv",pnl_threshold_-20480.13.csv
2024-09-05,390.31875,"NIFTY_candle_5T_range_[50, 50]_delta_0,3_time_09,30.csv",pnl_threshold_-20480.13.csv
2024-09-12,-62.43,"NIFTY_candle_5T_range_[50, 50]_delta_0,3_time_09,30.csv",pnl_threshold_-20480.13.csv
2024-09-19,266.94,"NIFTY_candle_5T_range_[50, 50]_delta_0,3_time_09,30.csv",pnl_threshold_-20480.13.csv
2024-09-26,-6.05,"NIFTY_candle_5T_range_[50, 50]_delta_0,3_time_09,30.csv",pnl_threshold_-20480.13.csv
2024-10-03,300.58875,"NIFTY_candle_5T_range_[50, 50]_delta_0,3_time_09,30.csv",pnl_threshold_-20480.13.csv
2024-10-10,-227.925,"NIFTY_candle_5T_range_[50, 50]_delta_0,3_time_09,30.csv",pnl_threshold_-20480.13.csv
2024-10-17,106.17375,"NIFTY_candle_5T_range_[50, 50]_delta_0,3_time_09,30.csv",pnl_threshold_-20480.13.csv
2024-10-24,-6.05,"NIFTY_candle_5T_range_[50, 50]_delta_0,3_time_09,30.csv",pnl_threshold_-20480.13.csv
2024-10-31,50.0925,"NIFTY_candle_5T_range_[50, 50]_delta_0,3_time_09,30.csv",pnl_threshold_-20480.13.csv
2024-11-07,132.345,"NIFTY_candle_5T_range_[50, 50]_delta_0,3_time_09,30.csv",pnl_threshold_-20480.13.csv
2024-11-14,427.70625,"NIFTY_candle_5T_range_[50, 50]_delta_0,3_time_09,30.csv",pnl_threshold_-20480.13.csv
2024-11-21,139.8225,"NIFTY_candle_5T_range_[50, 50]_delta_0,3_time_09,30.csv",pnl_threshold_-20480.13.csv
2024-11-28,513.6975,"NIFTY_candle_5T_range_[50, 50]_delta_0,3_time_09,30.csv",pnl_threshold_-20480.13.csv
2024-12-05,-133.89375,"NIFTY_candle_5T_range_[50, 50]_delta_0,3_time_09,30.csv",pnl_threshold_-20480.13.csv
2024-12-12,-592.76625,"NIFTY_candle_5T_range_[50, 50]_delta_0,3_time_09,30.csv",pnl_threshold_-20480.13.csv
2024-12-19,203.38125,"NIFTY_candle_5T_range_[50, 50]_delta_0,3_time_09,30.csv",pnl_threshold_-20480.13.csv
2024-12-26,-100.0425,"NIFTY_candle_5T_range_[50, 50]_delta_0,3_time_09,30.csv",pnl_threshold_-20480.13.csv
2025-01-02,371.625,"NIFTY_candle_5T_range_[50, 50]_delta_0,3_time_09,30.csv",pnl_threshold_-20480.13.csv
2025-01-09,136.08375,"NIFTY_candle_5T_range_[50, 50]_delta_0,3_time_09,30.csv",pnl_threshold_-20480.13.csv
2025-01-16,-32.35,"NIFTY_candle_5T_range_[50, 50]_delta_0,3_time_09,30.csv",pnl_threshold_-20480.13.csv
2025-01-23,12.65,"NIFTY_candle_5T_range_[50, 50]_delta_0,3_time_09,30.csv",pnl_threshold_-20480.13.csv
2025-01-30,121.12875,"NIFTY_candle_5T_range_[50, 50]_delta_0,3_time_09,30.csv",pnl_threshold_-20480.13.csv
2025-02-06,-212.88,"NIFTY_candle_5T_range_[50, 50]_delta_0,3_time_09,30.csv",pnl_threshold_-20480.13.csv
2025-02-13,263.20125,"NIFTY_candle_5T_range_[50, 50]_delta_0,3_time_09,30.csv",pnl_threshold_-20480.13.csv
2025-02-20,91.21875,"NIFTY_candle_5T_range_[50, 50]_delta_0,3_time_09,30.csv",pnl_threshold_-20480.13.csv
2025-02-27,27.65,"NIFTY_candle_5T_range_[50, 50]_delta_0,3_time_09,30.csv",pnl_threshold_-20480.13.csv
2025-03-06,-513.78,"NIFTY_candle_5T_range_[50, 50]_delta_0,3_time_09,30.csv",pnl_threshold_-20480.13.csv
2025-03-13,-186.55125,"NIFTY_candle_5T_range_[50, 50]_delta_0,3_time_09,30.csv",pnl_threshold_-20480.13.csv
2025-03-20,-92.52,"NIFTY_candle_5T_range_[50, 50]_delta_0,3_time_09,30.csv",pnl_threshold_-20480.13.csv
2025-03-27,-81.23625,"NIFTY_candle_5T_range_[50, 50]_delta_0,3_time_09,30.csv",pnl_threshold_-20480.13.csv
2025-04-03,8.9,"NIFTY_candle_5T_range_[50, 50]_delta_0,3_time_09,30.csv",pnl_threshold_-20480.13.csv
2025-04-09,382.84125,"NIFTY_candle_5T_range_[50, 50]_delta_0,3_time_09,30.csv",pnl_threshold_-20480.13.csv
2025-04-17,-54.9075,"NIFTY_candle_5T_range_[50, 50]_delta_0,3_time_09,30.csv",pnl_threshold_-20480.13.csv
2025-05-08,-212.88,"NIFTY_candle_5T_range_[50, 50]_delta_0,3_time_09,30.csv",pnl_threshold_-20480.13.csv
2025-05-15,53.83125,"NIFTY_candle_5T_range_[50, 50]_delta_0,3_time_09,30.csv",pnl_threshold_-20480.13.csv
2025-05-22,-423.51,"NIFTY_candle_5T_range_[50, 50]_delta_0,3_time_09,30.csv",pnl_threshold_-20480.13.csv
2025-05-29,109.9125,"NIFTY_candle_5T_range_[50, 50]_delta_0,3_time_09,30.csv",pnl_threshold_-20480.13.csv
2025-06-05,285.63375,"NIFTY_candle_5T_range_[50, 50]_delta_0,3_time_09,30.csv",pnl_threshold_-20480.13.csv
2025-06-12,31.39875,"NIFTY_candle_5T_range_[50, 50]_delta_0,3_time_09,30.csv",pnl_threshold_-20480.13.csv
2025-06-19,319.2825,"NIFTY_candle_5T_range_[50, 50]_delta_0,3_time_09,30.csv",pnl_threshold_-20480.13.csv
2025-06-26,-547.63125,"NIFTY_candle_5T_range_[50, 50]_delta_0,3_time_09,30.csv",pnl_threshold_-20480.13.csv
2025-07-03,207.12,"NIFTY_candle_5T_range_[50, 50]_delta_0,3_time_09,30.csv",pnl_threshold_-20480.13.csv
2025-07-10,222.075,"NIFTY_candle_5T_range_[50, 50]_delta_0,3_time_09,30.csv",pnl_threshold_-20480.13.csv
2025-07-17,266.94,"NIFTY_candle_5T_range_[50, 50]_delta_0,3_time_09,30.csv",pnl_threshold_-20480.13.csv
2025-07-24,20.15,"NIFTY_candle_5T_range_[50, 50]_delta_0,3_time_09,30.csv",pnl_threshold_-20480.13.csv
2025-07-31,27.65,"NIFTY_candle_5T_range_[50, 50]_delta_0,3_time_09,30.csv",pnl_threshold_-20480.13.csv
2025-08-07,-58.66875,"NIFTY_candle_5T_range_[50, 50]_delta_0,3_time_09,30.csv",pnl_threshold_-20480.13.csv
2025-08-14,207.12,"NIFTY_candle_5T_range_[50, 50]_delta_0,3_time_09,30.csv",pnl_threshold_-20480.13.csv
2025-08-21,-13.6,"NIFTY_candle_5T_range_[50, 50]_delta_0,3_time_09,30.csv",pnl_threshold_-20480.13.csv
2025-08-28,106.17375,"NIFTY_candle_5T_range_[50, 50]_delta_0,3_time_09,30.csv",pnl_threshold_-20480.13.csv
