Date,vix,Position,Action,PE_Long_Time,PE_Short_Time,CE_Short_Time,CE_Long_Time,Index Value,PE_Long_Strike,PE_Short_Strike,CE_Short_Strike,CE_Long_Strike,ExpiryDate,DaysToExpiry,Day,PE_Long_Premium,PE_Short_Premium,CE_Short_Premium,CE_Long_Premium,PE_Long_Stoploss,PE_Short_Stoploss,CE_Short_Stoploss,CE_Long_Stoploss,PE_Short_target,CE_Short_target,PE_Long_Exit,PE_Short_Exit,CE_Short_Exit,CE_Long_Exit,Premium
2024-06-03,20.26,1,Short,09:30:00,09:30:00,09:30:00,09:30:00,23135.6,21900.0,22650,23650,24500,2024-06-06 00:00:00,3,Monday,46.05,138.4,145.25,46.8,0,276.8,290.5,0,27.680000000000003,29.05,,,,,763.1999999999999
2024-06-03,,0,Long,2024-06-04 09:16:00,2024-06-04 09:16:00,2024-06-06 15:00:00,2024-06-06 15:00:00,,21900.0,22650,23650,24500,2024-06-06 00:00:00,3,Monday,"[104.5, 0.05]","[285.6, 1.6]","[29.45, 29.45]","[0.05, 0.05]",0,,,0,,,Exit,SL hit,Universal exit,Exit,-303.35
2024-06-04,25.22,1,Short,09:30:00,09:30:00,09:30:00,09:30:00,22478.85,21150.0,22000,23000,23900,2024-06-06 00:00:00,2,Tuesday,98.3,279.55,235.65,76.75,0,559.1,471.3,0,55.91,47.13,,,,,1360.6
2024-06-04,,0,Long,2024-06-04 12:03:00,2024-06-04 12:03:00,2024-06-05 09:16:00,2024-06-05 09:16:00,,21150.0,22000,23000,23900,2024-06-06 00:00:00,2,Tuesday,"[187.55, 0.05]","[574.45, 0.1]","[28.55, 28.55]","[26.25, 26.25]",0,,,0,,,Exit,SL hit,Target hit,Exit,-396.25000000000006
2024-06-05,21.94,1,Short,09:30:00,09:30:00,09:30:00,09:30:00,22008.2,21200.0,21700,22300,23750,2024-06-06 00:00:00,1,Wednesday,44.6,137.0,80.1,26.8,0,274.0,160.2,0,27.4,16.02,,,,,582.8
2024-06-05,,0,Long,2024-06-05 11:30:00,2024-06-05 11:30:00,2024-06-05 11:11:00,2024-06-05 11:11:00,,21200.0,21700,22300,23750,2024-06-06 00:00:00,1,Wednesday,"[8.05, 8.05]","[26.75, 26.75]","[166.7, 472.55]","[26.8, 19.55]",0,,,0,,,Exit,Target hit,SL hit,Exit,-1573.7
2024-06-06,17.85,1,Short,09:30:00,09:30:00,09:30:00,09:30:00,22714.7,22450.0,22700,22700,23350,2024-06-06 00:00:00,0,Thursday,37.3,121.45,117.25,37.75,0,242.9,234.5,0,24.290000000000003,23.450000000000003,,,,,654.5999999999999
2024-06-06,,0,Long,2024-06-06 11:00:00,2024-06-06 11:00:00,2024-06-06 14:42:00,2024-06-06 14:42:00,,22450.0,22700,22700,23350,2024-06-06 00:00:00,0,Thursday,"[5.75, 5.75]","[24.25, 24.25]","[22.85, 22.85]","[32.55, 32.55]",0,,,0,,,Exit,Target hit,Target hit,Exit,-35.20000000000002
2024-06-07,16.98,1,Short,09:30:00,09:30:00,09:30:00,09:30:00,22919.25,21800.0,22300,23500,23850,2024-06-13 00:00:00,6,Friday,18.35,56.15,46.2,15.1,0,112.3,92.4,0,11.23,9.24,,,,,275.6
2024-06-07,,0,Long,2024-06-10 09:28:00,2024-06-10 09:28:00,2024-06-07 11:52:00,2024-06-07 11:52:00,,21800.0,22300,23500,23850,2024-06-13 00:00:00,6,Friday,"[4.1, 4.1]","[10.2, 10.2]","[97.0, 0.35]","[28.8, 0.05]",0,,,0,,,Exit,Target hit,SL hit,Exit,-93.5
2024-06-10,16.89,1,Short,09:30:00,09:30:00,09:30:00,09:30:00,23399.65,22550.0,22950,23850,24200,2024-06-13 00:00:00,3,Monday,18.25,55.9,43.65,13.2,0,111.8,87.3,0,11.18,8.73,,,,,272.4
2024-06-10,,0,Long,2024-06-12 09:53:00,2024-06-12 09:53:00,2024-06-11 09:34:00,2024-06-11 09:34:00,,22550.0,22950,23850,24200,2024-06-13 00:00:00,3,Monday,"[2.0, 2.0]","[11.0, 11.0]","[7.8, 7.8]","[1.85, 1.85]",0,,,0,,,Exit,Target hit,Target hit,Exit,-59.8
2024-06-11,15.92,1,Short,09:30:00,09:30:00,09:30:00,09:30:00,23282.7,22700.0,22950,23650,23850,2024-06-13 00:00:00,2,Tuesday,16.6,47.25,28.1,9.85,0,94.5,56.2,0,9.45,5.620000000000001,,,,,195.6
2024-06-11,,0,Long,2024-06-12 10:42:00,2024-06-12 10:42:00,2024-06-12 15:01:00,2024-06-12 15:01:00,,22700.0,22950,23650,23850,2024-06-13 00:00:00,2,Tuesday,"[3.6, 3.6]","[8.9, 8.9]","[5.6, 5.6]","[1.0, 1.0]",0,,,0,,,Exit,Target hit,Target hit,Exit,-39.6
2024-06-12,14.56,1,Short,09:30:00,09:30:00,09:30:00,09:30:00,23355.3,22950.0,23150,23550,23700,2024-06-13 00:00:00,1,Wednesday,13.6,37.55,23.9,6.55,0,75.1,47.8,0,7.51,4.78,,,,,165.2
2024-06-12,,0,Long,2024-06-13 09:16:00,2024-06-13 09:16:00,2024-06-12 10:45:00,2024-06-12 10:45:00,,22950.0,23150,23550,23700,2024-06-13 00:00:00,1,Wednesday,"[1.65, 1.65]","[6.0, 6.0]","[48.6, 0.25]","[13.7, 0.1]",0,,,0,,,Exit,Target hit,SL hit,Exit,-52.74999999999999
2024-06-13,14.08,1,Short,09:30:00,09:30:00,09:30:00,09:30:00,23418.2,23250.0,23400,23400,23500,2024-06-13 00:00:00,0,Thursday,14.4,51.6,66.0,26.05,0,103.2,132.0,0,10.32,13.2,,,,,308.6
2024-06-13,,0,Long,2024-06-13 14:59:00,2024-06-13 14:59:00,2024-06-13 14:11:00,2024-06-13 14:11:00,,23250.0,23400,23400,23500,2024-06-13 00:00:00,0,Thursday,"[0.4, 0.4]","[9.4, 9.4]","[13.2, 13.2]","[1.3, 1.3]",0,,,0,,,Exit,Target hit,Target hit,Exit,-83.60000000000001
2024-06-14,13.18,1,Short,09:30:00,09:30:00,09:30:00,09:30:00,23351.9,22600.0,22900,23800,24000,2024-06-20 00:00:00,6,Friday,6.95,22.0,13.7,4.9,0,44.0,27.4,0,4.4,2.74,,,,,95.4
2024-06-14,,0,Long,2024-06-18 10:00:00,2024-06-18 10:00:00,2024-06-19 14:37:00,2024-06-19 14:37:00,,22600.0,22900,23800,24000,2024-06-20 00:00:00,6,Friday,"[2.15, 2.15]","[4.3, 4.3]","[28.7, 0.15]","[4.0, 0.15]",0,,,0,,,Exit,Target hit,SL hit,Exit,-33.3
2024-06-18,13.4,1,Short,09:30:00,09:30:00,09:30:00,09:30:00,23515.0,22900.0,23200,23800,23900,2024-06-20 00:00:00,2,Tuesday,6.0,17.8,13.8,5.4,0,35.6,27.6,0,3.5600000000000005,2.76,,,,,80.80000000000001
2024-06-18,,0,Long,2024-06-20 09:15:00,2024-06-20 09:15:00,2024-06-19 14:37:00,2024-06-19 14:37:00,,22900.0,23200,23800,23900,2024-06-20 00:00:00,2,Tuesday,"[0.5, 0.5]","[2.9, 2.9]","[28.7, 0.15]","[10.35, 0.1]",0,,,0,,,Exit,Target hit,SL hit,Exit,-28.1
2024-06-19,13.17,1,Short,09:30:00,09:30:00,09:30:00,09:30:00,23557.3,23150.0,23350,23750,23850,2024-06-20 00:00:00,1,Wednesday,7.05,22.35,20.05,7.4,0,44.7,40.1,0,4.470000000000001,4.010000000000001,,,,,111.80000000000004
2024-06-19,,0,Long,2024-06-19 10:24:00,2024-06-19 10:24:00,2024-06-19 14:36:00,2024-06-19 14:36:00,,23150.0,23350,23750,23850,2024-06-20 00:00:00,1,Wednesday,"[13.4, 0.2]","[45.7, 0.3]","[42.15, 0.2]","[16.8, 0.1]",0,,,0,,,Exit,SL hit,SL hit,Exit,-58.25000000000001
2024-06-20,13.8,1,Short,09:30:00,09:30:00,09:30:00,09:30:00,23497.6,23350.0,23500,23500,23650,2024-06-20 00:00:00,0,Thursday,28.2,81.7,60.8,19.5,0,163.4,121.6,0,16.34,12.16,,,,,379.2
2024-06-20,,0,Long,2024-06-20 11:46:00,2024-06-20 11:46:00,2024-06-20 13:28:00,2024-06-20 13:28:00,,23350.0,23500,23500,23650,2024-06-20 00:00:00,0,Thursday,"[3.35, 3.35]","[16.0, 16.0]","[128.25, 59.25]","[30.4, 0.45]",0,,,0,,,Exit,Target hit,SL hit,Exit,-324.85
2024-06-21,13.36,1,Short,09:30:00,09:30:00,09:30:00,09:30:00,23607.85,22800.0,23100,24100,24350,2024-06-27 00:00:00,6,Friday,6.3,19.25,9.5,3.05,0,38.5,19.0,0,3.85,1.9,,,,,77.6
2024-06-21,,0,Long,2024-06-21 14:36:00,2024-06-21 14:36:00,2024-06-27 10:05:00,2024-06-27 10:05:00,,22800.0,23100,24100,24350,2024-06-27 00:00:00,6,Friday,"[11.45, 0.1]","[40.3, 0.05]","[19.65, 3.25]","[0.85, 0.1]",0,,,0,,,Exit,SL hit,SL hit,Exit,-56.95
2024-06-24,13.55,1,Short,09:30:00,09:30:00,09:30:00,09:30:00,23411.0,22800.0,23050,23750,23950,2024-06-27 00:00:00,3,Monday,7.75,26.45,21.65,7.15,0,52.9,43.3,0,5.29,4.33,,,,,132.79999999999998
2024-06-24,,0,Long,2024-06-26 09:16:00,2024-06-26 09:16:00,2024-06-24 11:19:00,2024-06-24 11:19:00,,22800.0,23050,23750,23950,2024-06-27 00:00:00,3,Monday,"[2.0, 2.0]","[4.5, 4.5]","[49.35, 282.15]","[14.05, 87.8]",0,,,0,,,Exit,Target hit,SL hit,Exit,-628.3499999999999
2024-06-25,14.05,1,Short,09:30:00,09:30:00,09:30:00,09:30:00,23579.75,23100.0,23300,23900,24050,2024-06-27 00:00:00,2,Tuesday,10.5,28.6,12.6,4.2,0,57.2,25.2,0,5.720000000000001,2.52,,,,,106.0
2024-06-25,,0,Long,2024-06-26 11:54:00,2024-06-26 11:54:00,2024-06-25 13:01:00,2024-06-25 13:01:00,,23100.0,23300,23900,24050,2024-06-27 00:00:00,2,Tuesday,"[3.2, 3.2]","[5.65, 5.65]","[26.25, 134.9]","[7.3, 16.1]",0,,,0,,,Exit,Target hit,SL hit,Exit,-385.15
2024-06-26,14.42,1,Short,09:30:00,09:30:00,09:30:00,09:30:00,23696.55,23300.0,23500,23900,24050,2024-06-27 00:00:00,1,Wednesday,12.25,34.7,21.1,5.75,0,69.4,42.2,0,6.940000000000001,4.220000000000001,,,,,151.20000000000002
2024-06-26,,0,Long,2024-06-26 14:38:00,2024-06-26 14:38:00,2024-06-26 11:01:00,2024-06-26 11:01:00,,23300.0,23500,23900,24050,2024-06-27 00:00:00,1,Wednesday,"[3.45, 3.45]","[6.9, 6.9]","[44.55, 134.9]","[11.7, 16.1]",0,,,0,,,Exit,Target hit,SL hit,Exit,-403.05
2024-06-27,14.1,1,Short,09:30:00,09:30:00,09:30:00,09:30:00,23819.7,23650.0,23800,23800,23950,2024-06-27 00:00:00,0,Thursday,16.95,63.4,70.15,23.1,0,126.8,140.3,0,12.68,14.03,,,,,374.00000000000006
2024-06-27,,0,Long,2024-06-27 10:28:00,2024-06-27 10:28:00,2024-06-27 10:00:00,2024-06-27 10:00:00,,23650.0,23800,23800,23950,2024-06-27 00:00:00,0,Thursday,"[3.6, 3.6]","[11.95, 11.95]","[147.0, 230.35]","[53.2, 87.8]",0,,,0,,,Exit,Target hit,SL hit,Exit,-554.85
2024-06-28,14.14,1,Short,09:30:00,09:30:00,09:30:00,09:30:00,24131.95,23250.0,23650,24650,24850,2024-07-04 00:00:00,6,Friday,12.05,38.95,14.25,5.0,0,77.9,28.5,0,7.790000000000001,2.85,,,,,144.60000000000002
2024-06-28,,0,Long,2024-07-02 14:38:00,2024-07-02 14:38:00,2024-07-02 11:41:00,2024-07-02 11:41:00,,23250.0,23650,24650,24850,2024-07-04 00:00:00,6,Friday,"[2.1, 2.1]","[7.75, 7.75]","[2.65, 2.65]","[0.9, 0.9]",0,,,0,,,Exit,Target hit,Target hit,Exit,-29.6
2024-07-01,14.03,1,Short,09:30:00,09:30:00,09:30:00,09:30:00,24042.7,23450.0,23700,24400,24600,2024-07-04 00:00:00,3,Monday,11.6,33.15,28.7,9.3,0,66.3,57.4,0,6.63,5.74,,,,,163.79999999999998
2024-07-01,,0,Long,2024-07-03 09:16:00,2024-07-03 09:16:00,2024-07-04 13:04:00,2024-07-04 13:04:00,,23450.0,23700,24400,24600,2024-07-04 00:00:00,3,Monday,"[2.0, 2.0]","[4.7, 4.7]","[4.75, 4.75]","[0.5, 0.5]",0,,,0,,,Exit,Target hit,Target hit,Exit,-27.8
2024-07-02,13.82,1,Short,09:30:00,09:30:00,09:30:00,09:30:00,24144.5,23600.0,23850,24450,24600,2024-07-04 00:00:00,2,Tuesday,9.05,30.05,21.6,6.6,0,60.1,43.2,0,6.010000000000001,4.32,,,,,144.00000000000003
2024-07-02,,0,Long,2024-07-03 12:02:00,2024-07-03 12:02:00,2024-07-04 11:02:00,2024-07-04 11:02:00,,23600.0,23850,24450,24600,2024-07-04 00:00:00,2,Tuesday,"[2.2, 2.2]","[5.95, 5.95]","[4.2, 4.2]","[0.8, 0.8]",0,,,0,,,Exit,Target hit,Target hit,Exit,-28.6
2024-07-03,13.51,1,Short,09:30:00,09:30:00,09:30:00,09:30:00,24231.15,23850.0,24050,24450,24550,2024-07-04 00:00:00,1,Wednesday,10.95,37.05,17.0,6.5,0,74.1,34.0,0,7.41,3.4000000000000004,,,,,146.39999999999998
2024-07-03,,0,Long,2024-07-04 09:16:00,2024-07-04 09:16:00,2024-07-03 09:47:00,2024-07-03 09:47:00,,23850.0,24050,24450,24550,2024-07-04 00:00:00,1,Wednesday,"[1.45, 1.45]","[5.9, 5.9]","[34.75, 0.2]","[14.8, 0.2]",0,,,0,,,Exit,Target hit,SL hit,Exit,-37.75
2024-07-04,13.12,1,Short,09:30:00,09:30:00,09:30:00,09:30:00,24362.45,24250.0,24350,24350,24450,2024-07-04 00:00:00,0,Thursday,16.45,44.45,58.25,21.1,0,88.9,116.5,0,8.89,11.65,,,,,260.6
2024-07-04,,0,Long,2024-07-04 15:00:00,2024-07-04 15:00:00,2024-07-04 13:13:00,2024-07-04 13:13:00,,24250.0,24350,24350,24450,2024-07-04 00:00:00,0,Thursday,"[0.85, 0.85]","[47.7, 47.7]","[10.95, 10.95]","[1.75, 1.75]",0,,,0,,,Exit,Universal exit,Target hit,Exit,-224.2
2024-07-05,12.94,1,Short,09:30:00,09:30:00,09:30:00,09:30:00,24186.15,23400.0,23700,24700,24950,2024-07-11 00:00:00,6,Friday,5.2,16.25,11.0,3.65,0,32.5,22.0,0,3.25,2.2,,,,,73.6
2024-07-05,,0,Long,2024-07-09 09:16:00,2024-07-09 09:16:00,2024-07-10 13:33:00,2024-07-10 13:33:00,,23400.0,23700,24700,24950,2024-07-11 00:00:00,6,Friday,"[1.7, 1.7]","[2.95, 2.95]","[2.2, 2.2]","[1.05, 1.05]",0,,,0,,,Exit,Target hit,Target hit,Exit,-9.6
2024-07-08,13.3,1,Short,09:30:00,09:30:00,09:30:00,09:30:00,24324.0,23700.0,23950,24650,24800,2024-07-11 00:00:00,3,Monday,5.55,17.65,16.2,5.45,0,35.3,32.4,0,3.53,3.24,,,,,91.39999999999998
2024-07-08,,0,Long,2024-07-10 15:17:00,2024-07-10 15:17:00,2024-07-10 13:27:00,2024-07-10 13:27:00,,23700.0,23950,24650,24800,2024-07-11 00:00:00,3,Monday,"[0.65, 0.65]","[3.5, 3.5]","[3.2, 3.2]","[1.5, 1.5]",0,,,0,,,Exit,Target hit,Target hit,Exit,-18.2
2024-07-09,13.76,1,Short,09:30:00,09:30:00,09:30:00,09:30:00,24360.55,23850.0,24050,24650,24750,2024-07-11 00:00:00,2,Tuesday,5.1,16.05,10.6,4.15,0,32.1,21.2,0,3.2100000000000004,2.12,,,,,69.6
2024-07-09,,0,Long,2024-07-10 10:36:00,2024-07-10 10:36:00,2024-07-10 15:20:00,2024-07-10 15:20:00,,23850.0,24050,24650,24750,2024-07-11 00:00:00,2,Tuesday,"[8.3, 0.05]","[35.65, 0.1]","[2.1, 2.1]","[0.85, 0.85]",0,,,0,,,Exit,SL hit,Target hit,Exit,-32.49999999999999
2024-07-10,14.39,1,Short,09:30:00,09:30:00,09:30:00,09:30:00,24407.9,24050.0,24200,24600,24700,2024-07-11 00:00:00,1,Wednesday,6.9,19.3,15.0,5.0,0,38.6,30.0,0,3.86,3.0,,,,,89.6
2024-07-10,,0,Long,2024-07-10 10:21:00,2024-07-10 10:21:00,2024-07-11 09:20:00,2024-07-11 09:20:00,,24050.0,24200,24600,24700,2024-07-11 00:00:00,1,Wednesday,"[17.05, 0.1]","[45.0, 0.3]","[2.8, 2.8]","[1.05, 1.05]",0,,,0,,,Exit,SL hit,Target hit,Exit,-35.55
2024-07-11,14.27,1,Short,09:30:00,09:30:00,09:30:00,09:30:00,24346.85,24250.0,24350,24350,24450,2024-07-11 00:00:00,0,Thursday,17.45,54.6,35.95,11.3,0,109.2,71.9,0,10.920000000000002,7.190000000000001,,,,,247.20000000000005
2024-07-11,,0,Long,2024-07-11 10:13:00,2024-07-11 10:13:00,2024-07-11 10:48:00,2024-07-11 10:48:00,,24250.0,24350,24350,24450,2024-07-11 00:00:00,0,Thursday,"[50.0, 0.6]","[120.0, 17.1]","[6.75, 6.75]","[2.6, 2.6]",0,,,0,,,Exit,SL hit,Target hit,Exit,-136.10000000000002
2024-07-12,13.89,1,Short,09:30:00,09:30:00,09:30:00,09:30:00,24433.05,23650.0,23950,24950,25150,2024-07-18 00:00:00,6,Friday,4.5,13.15,5.75,1.8,0,26.3,11.5,0,2.6300000000000003,1.15,,,,,50.39999999999999
2024-07-12,,0,Long,2024-07-16 09:53:00,2024-07-16 09:53:00,2024-07-12 11:02:00,2024-07-12 11:02:00,,23650.0,23950,24950,25150,2024-07-18 00:00:00,6,Friday,"[1.45, 1.45]","[2.6, 2.6]","[12.8, 0.35]","[3.0, 0.1]",0,,,0,,,Exit,Target hit,SL hit,Exit,-15.150000000000004
2024-07-15,14.22,1,Short,09:30:00,09:30:00,09:30:00,09:30:00,24567.6,23900.0,24150,24950,25100,2024-07-18 00:00:00,3,Monday,4.85,14.4,8.0,2.65,0,28.8,16.0,0,2.8800000000000003,1.6,,,,,59.6
2024-07-15,,0,Long,2024-07-16 14:46:00,2024-07-16 14:46:00,2024-07-16 15:22:00,2024-07-16 15:22:00,,23900.0,24150,24950,25100,2024-07-18 00:00:00,3,Monday,"[1.45, 1.45]","[2.75, 2.75]","[1.5, 1.5]","[0.55, 0.55]",0,,,0,,,Exit,Target hit,Target hit,Exit,-9.0
2024-07-16,14.35,1,Short,09:30:00,09:30:00,09:30:00,09:30:00,24623.2,24100.0,24300,24900,25050,2024-07-18 00:00:00,2,Tuesday,4.9,14.4,8.35,2.15,0,28.8,16.7,0,2.8800000000000003,1.67,,,,,62.8
2024-07-16,,0,Long,2024-07-18 09:42:00,2024-07-18 09:42:00,2024-07-18 09:15:00,2024-07-18 09:15:00,,24100.0,24300,24900,25050,2024-07-18 00:00:00,2,Tuesday,"[0.75, 0.75]","[2.7, 2.7]","[1.6, 1.6]","[0.55, 0.55]",0,,,0,,,Exit,Target hit,Target hit,Exit,-12.000000000000004
2024-07-18,14.64,1,Short,09:30:00,09:30:00,09:30:00,09:30:00,24538.45,24450.0,24550,24550,24650,2024-07-18 00:00:00,0,Thursday,20.2,50.8,36.65,10.0,0,101.6,73.3,0,10.16,7.33,,,,,228.99999999999997
2024-07-18,,0,Long,2024-07-18 13:15:00,2024-07-18 13:15:00,2024-07-18 09:45:00,2024-07-18 09:45:00,,24450.0,24550,24550,24650,2024-07-18 00:00:00,0,Thursday,"[4.35, 4.35]","[10.1, 10.1]","[75.9, 257.75]","[27.1, 157.75]",0,,,0,,,Exit,Target hit,SL hit,Exit,-371.8
2024-07-19,14.42,1,Short,09:30:00,09:30:00,09:30:00,09:30:00,24769.4,23750.0,24200,25300,25600,2024-07-25 00:00:00,6,Friday,18.95,57.15,45.75,14.0,0,114.3,91.5,0,11.43,9.15,,,,,279.8
2024-07-19,,0,Long,2024-07-22 09:15:00,2024-07-22 09:15:00,2024-07-23 12:29:00,2024-07-23 12:29:00,,23750.0,24200,25300,25600,2024-07-25 00:00:00,6,Friday,"[31.7, 0.1]","[141.1, 0.3]","[7.3, 7.3]","[3.75, 3.75]",0,,,0,,,Exit,SL hit,Target hit,Exit,-124.2
2024-07-22,15.34,1,Short,09:30:00,09:30:00,09:30:00,09:30:00,24468.25,23650.0,24050,24850,25200,2024-07-25 00:00:00,3,Monday,28.85,84.2,95.2,33.7,0,168.4,190.4,0,16.84,19.040000000000003,,,,,467.4
2024-07-22,,0,Long,2024-07-23 12:24:00,2024-07-23 12:24:00,2024-07-23 12:32:00,2024-07-23 12:32:00,,23650.0,24050,24850,25200,2024-07-25 00:00:00,3,Monday,"[69.75, 0.1]","[173.5, 0.2]","[16.75, 16.75]","[6.35, 6.35]",0,,,0,,,Exit,SL hit,Target hit,Exit,-145.64999999999998
2024-07-23,15.15,1,Short,09:30:00,09:30:00,09:30:00,09:30:00,24532.2,23650.0,24200,24900,25300,2024-07-25 00:00:00,2,Tuesday,34.0,102.65,79.4,24.3,0,205.3,158.8,0,20.53,15.880000000000004,,,,,495.00000000000006
2024-07-23,,0,Long,2024-07-23 12:23:00,2024-07-23 12:23:00,2024-07-23 12:32:00,2024-07-23 12:32:00,,23650.0,24200,24900,25300,2024-07-25 00:00:00,2,Tuesday,"[66.15, 0.1]","[230.0, 0.3]","[14.55, 14.55]","[4.95, 4.95]",0,,,0,,,Exit,SL hit,Target hit,Exit,-202.85
2024-07-24,12.62,1,Short,09:30:00,09:30:00,09:30:00,09:30:00,24449.1,24050.0,24250,24650,24850,2024-07-25 00:00:00,1,Wednesday,12.65,41.0,28.35,10.0,0,82.0,56.7,0,8.200000000000001,5.670000000000001,,,,,186.8
2024-07-24,,0,Long,2024-07-24 12:18:00,2024-07-24 12:18:00,2024-07-25 09:15:00,2024-07-25 09:15:00,,24050.0,24250,24650,24850,2024-07-25 00:00:00,1,Wednesday,"[28.45, 0.2]","[83.85, 0.4]","[4.9, 4.9]","[1.95, 1.95]",0,,,0,,,Exit,SL hit,Target hit,Exit,-67.79999999999998
2024-07-25,11.97,1,Short,09:30:00,09:30:00,09:30:00,09:30:00,24248.2,24100.0,24250,24250,24400,2024-07-25 00:00:00,0,Thursday,21.0,67.15,51.85,15.25,0,134.3,103.7,0,13.43,10.37,,,,,331.0
2024-07-25,,0,Long,2024-07-25 11:11:00,2024-07-25 11:11:00,2024-07-25 11:54:00,2024-07-25 11:54:00,,24100.0,24250,24250,24400,2024-07-25 00:00:00,0,Thursday,"[3.0, 3.0]","[11.65, 11.65]","[107.65, 152.5]","[14.9, 9.3]",0,,,0,,,Exit,Target hit,SL hit,Exit,-556.95
2024-07-26,12.29,1,Short,09:30:00,09:30:00,09:30:00,09:30:00,24477.65,23750.0,24050,24950,25150,2024-08-01 00:00:00,6,Friday,10.1,30.95,12.6,4.2,0,61.9,25.2,0,6.19,2.52,,,,,117.0
2024-07-26,,0,Long,2024-07-29 09:16:00,2024-07-29 09:16:00,2024-07-26 10:08:00,2024-07-26 10:08:00,,23750.0,24050,24950,25150,2024-08-01 00:00:00,6,Friday,"[3.15, 3.15]","[4.95, 4.95]","[26.5, 44.3]","[7.8, 0.15]",0,,,0,,,Exit,Target hit,SL hit,Exit,-158.34999999999997
2024-07-29,12.85,1,Short,09:30:00,09:30:00,09:30:00,09:30:00,24916.35,24250.0,24550,25250,25450,2024-08-01 00:00:00,3,Monday,8.15,24.65,21.3,7.05,0,49.3,42.6,0,4.93,4.260000000000001,,,,,123.0
2024-07-29,,0,Long,2024-08-01 09:15:00,2024-08-01 09:15:00,2024-08-01 09:15:00,2024-08-01 09:15:00,,24250.0,24550,25250,25450,2024-08-01 00:00:00,3,Monday,"[1.0, 1.0]","[3.5, 3.5]","[3.5, 3.5]","[1.65, 1.65]",0,,,0,,,Exit,Target hit,Target hit,Exit,-17.4
2024-07-30,13.02,1,Short,09:30:00,09:30:00,09:30:00,09:30:00,24836.0,24300.0,24550,25150,25300,2024-08-01 00:00:00,2,Tuesday,6.9,23.15,18.55,6.6,0,46.3,37.1,0,4.63,3.71,,,,,112.8
2024-07-30,,0,Long,2024-08-01 09:15:00,2024-08-01 09:15:00,2024-08-01 11:43:00,2024-08-01 11:43:00,,24300.0,24550,25150,25300,2024-08-01 00:00:00,2,Tuesday,"[1.05, 1.05]","[3.5, 3.5]","[3.4, 3.4]","[1.0, 1.0]",0,,,0,,,Exit,Target hit,Target hit,Exit,-19.4
2024-07-31,13.05,1,Short,09:30:00,09:30:00,09:30:00,09:30:00,24926.3,24550.0,24750,25150,25250,2024-08-01 00:00:00,1,Wednesday,10.4,32.95,20.35,8.15,0,65.9,40.7,0,6.590000000000001,4.07,,,,,139.0
2024-07-31,,0,Long,2024-08-01 09:18:00,2024-08-01 09:18:00,2024-08-01 11:01:00,2024-08-01 11:01:00,,24550.0,24750,25150,25250,2024-08-01 00:00:00,1,Wednesday,"[1.7, 1.7]","[6.4, 6.4]","[4.0, 4.0]","[1.45, 1.45]",0,,,0,,,Exit,Target hit,Target hit,Exit,-29.0
2024-08-01,13.06,1,Short,09:30:00,09:30:00,09:30:00,09:30:00,25054.15,24900.0,25050,25050,25150,2024-08-01 00:00:00,0,Thursday,14.9,48.25,65.95,23.4,0,96.5,131.9,0,9.65,13.19,,,,,303.6
2024-08-01,,0,Long,2024-08-01 15:00:00,2024-08-01 15:00:00,2024-08-01 11:43:00,2024-08-01 11:43:00,,24900.0,25050,25050,25150,2024-08-01 00:00:00,0,Thursday,"[0.75, 0.75]","[58.0, 58.0]","[11.85, 11.85]","[3.4, 3.4]",0,,,0,,,Exit,Universal exit,Target hit,Exit,-262.79999999999995
2024-08-02,13.29,1,Short,09:30:00,09:30:00,09:30:00,09:30:00,24836.0,24050.0,24350,25350,25600,2024-08-08 00:00:00,6,Friday,9.6,28.35,14.25,4.55,0,56.7,28.5,0,5.670000000000001,2.85,,,,,113.8
2024-08-02,,0,Long,2024-08-02 09:47:00,2024-08-02 09:47:00,2024-08-06 09:34:00,2024-08-06 09:34:00,,24050.0,24350,25350,25600,2024-08-08 00:00:00,6,Friday,"[21.55, 0.95]","[57.5, 198.2]","[2.85, 2.85]","[2.25, 2.25]",0,,,0,,,Exit,SL hit,Target hit,Exit,-630.0999999999999
2024-08-05,17.07,1,Short,09:30:00,09:30:00,09:30:00,09:30:00,24215.5,23150.0,23750,24650,24950,2024-08-08 00:00:00,3,Monday,14.7,45.65,36.45,12.35,0,91.3,72.9,0,9.13,7.290000000000001,,,,,220.2
2024-08-05,,0,Long,2024-08-05 10:54:00,2024-08-05 10:54:00,2024-08-06 14:11:00,2024-08-06 14:11:00,,23150.0,23750,24650,24950,2024-08-08 00:00:00,3,Monday,"[34.6, 0.1]","[91.8, 0.15]","[7.25, 7.25]","[4.1, 4.1]",0,,,0,,,Exit,SL hit,Target hit,Exit,-69.95
2024-08-06,17.59,1,Short,09:30:00,09:30:00,09:30:00,09:30:00,24318.6,23450.0,23900,24700,25000,2024-08-08 00:00:00,2,Tuesday,12.55,38.75,27.85,8.45,0,77.5,55.7,0,7.75,5.57,,,,,182.4
2024-08-06,,0,Long,2024-08-06 10:38:00,2024-08-06 10:38:00,2024-08-07 09:47:00,2024-08-07 09:47:00,,23450.0,23900,24700,25000,2024-08-08 00:00:00,2,Tuesday,"[30.8, 0.1]","[77.65, 0.3]","[5.3, 5.3]","[1.85, 1.85]",0,,,0,,,Exit,SL hit,Target hit,Exit,-61.250000000000014
2024-08-07,17.08,1,Short,09:30:00,09:30:00,09:30:00,09:30:00,24266.2,23650.0,24000,24500,24650,2024-08-08 00:00:00,1,Wednesday,10.85,33.2,32.4,10.8,0,66.4,64.8,0,6.640000000000001,6.48,,,,,175.79999999999998
2024-08-07,,0,Long,2024-08-08 14:05:00,2024-08-08 14:05:00,2024-08-08 10:34:00,2024-08-08 10:34:00,,23650.0,24000,24500,24650,2024-08-08 00:00:00,1,Wednesday,"[0.15, 0.15]","[6.55, 6.55]","[6.05, 6.05]","[1.3, 1.3]",0,,,0,,,Exit,Target hit,Target hit,Exit,-44.6
2024-08-08,16.63,1,Short,09:30:00,09:30:00,09:30:00,09:30:00,24222.35,24000.0,24200,24200,24400,2024-08-08 00:00:00,0,Thursday,28.65,88.55,110.4,32.45,0,177.1,220.8,0,17.71,22.08,,,,,551.4
2024-08-08,,0,Long,2024-08-08 15:00:00,2024-08-08 15:00:00,2024-08-08 14:00:00,2024-08-08 14:00:00,,24000.0,24200,24200,24400,2024-08-08 00:00:00,0,Thursday,"[0.55, 0.55]","[48.15, 48.15]","[22.0, 22.0]","[1.6, 1.6]",0,,,0,,,Exit,Universal exit,Target hit,Exit,-272.0
2024-08-09,15.65,1,Short,09:30:00,09:30:00,09:30:00,09:30:00,24388.95,23450.0,23850,24950,25150,2024-08-14 00:00:00,5,Friday,9.3,27.7,14.3,5.15,0,55.4,28.6,0,5.54,2.8600000000000003,,,,,110.2
2024-08-09,,0,Long,2024-08-13 10:04:00,2024-08-13 10:04:00,2024-08-12 09:45:00,2024-08-12 09:45:00,,23450.0,23850,24950,25150,2024-08-14 00:00:00,5,Friday,"[1.35, 1.35]","[5.3, 5.3]","[2.85, 2.85]","[1.7, 1.7]",0,,,0,,,Exit,Target hit,Target hit,Exit,-20.39999999999999
2024-08-12,16.28,1,Short,09:30:00,09:30:00,09:30:00,09:30:00,24274.7,23550.0,23900,24600,24750,2024-08-14 00:00:00,2,Monday,12.05,34.55,29.6,10.45,0,69.1,59.2,0,6.91,5.920000000000001,,,,,166.60000000000002
2024-08-12,,0,Long,2024-08-13 10:51:00,2024-08-13 10:51:00,2024-08-12 11:13:00,2024-08-12 11:13:00,,23550.0,23900,24600,24750,2024-08-14 00:00:00,2,Monday,"[1.8, 1.8]","[6.6, 6.6]","[63.0, 0.2]","[23.3, 0.15]",0,,,0,,,Exit,Target hit,SL hit,Exit,-59.05
2024-08-13,15.96,1,Short,09:30:00,09:30:00,09:30:00,09:30:00,24324.15,23850.0,24050,24550,24700,2024-08-14 00:00:00,1,Tuesday,7.4,24.0,25.65,7.65,0,48.0,51.3,0,4.800000000000001,5.13,,,,,138.39999999999998
2024-08-13,,0,Long,2024-08-13 13:58:00,2024-08-13 13:58:00,2024-08-13 15:30:00,2024-08-13 15:30:00,,23850.0,24050,24550,24700,2024-08-14 00:00:00,1,Tuesday,"[11.05, 0.25]","[48.9, 0.7]","[4.75, 4.75]","[2.3, 2.3]",0,,,0,,,Exit,SL hit,Target hit,Exit,-49.0
2024-08-14,16.2,1,Short,09:30:00,09:30:00,09:30:00,09:30:00,24132.65,24000.0,24150,24150,24250,2024-08-14 00:00:00,0,Wednesday,20.15,70.4,43.6,16.55,0,140.8,87.2,0,14.080000000000002,8.72,,,,,309.2
2024-08-14,,0,Long,2024-08-14 13:00:00,2024-08-14 13:00:00,2024-08-14 14:38:00,2024-08-14 14:38:00,,24000.0,24150,24150,24250,2024-08-14 00:00:00,0,Wednesday,"[2.55, 2.55]","[13.95, 13.95]","[7.85, 7.85]","[0.8, 0.8]",0,,,0,,,Exit,Target hit,Target hit,Exit,-73.79999999999998
2024-08-16,15.01,1,Short,09:30:00,09:30:00,09:30:00,09:30:00,24385.3,23500.0,23850,24950,25200,2024-08-22 00:00:00,6,Friday,6.5,19.55,8.55,2.9,0,39.1,17.1,0,3.91,1.7100000000000002,,,,,74.80000000000001
2024-08-16,,0,Long,2024-08-16 10:29:00,2024-08-16 10:29:00,2024-08-19 09:17:00,2024-08-19 09:17:00,,23500.0,23850,24950,25200,2024-08-22 00:00:00,6,Friday,"[12.0, 0.05]","[40.85, 0.05]","[17.9, 0.2]","[3.15, 0.1]",0,,,0,,,Exit,SL hit,SL hit,Exit,-43.9
2024-08-19,14.37,1,Short,09:30:00,09:30:00,09:30:00,09:30:00,24582.5,23900.0,24200,25000,25150,2024-08-22 00:00:00,3,Monday,7.65,24.15,9.0,3.25,0,48.3,18.0,0,4.83,1.8,,,,,89.0
2024-08-19,,0,Long,2024-08-20 13:44:00,2024-08-20 13:44:00,2024-08-22 11:07:00,2024-08-22 11:07:00,,23900.0,24200,25000,25150,2024-08-22 00:00:00,3,Monday,"[2.45, 2.45]","[4.8, 4.8]","[1.8, 1.8]","[0.55, 0.55]",0,,,0,,,Exit,Target hit,Target hit,Exit,-14.4
2024-08-20,13.89,1,Short,09:30:00,09:30:00,09:30:00,09:30:00,24622.4,24100.0,24300,24900,25050,2024-08-22 00:00:00,2,Tuesday,6.0,17.85,12.25,3.35,0,35.7,24.5,0,3.5700000000000003,2.45,,,,,83.0
2024-08-20,,0,Long,2024-08-21 11:26:00,2024-08-21 11:26:00,2024-08-20 10:01:00,2024-08-20 10:01:00,,24100.0,24300,24900,25050,2024-08-22 00:00:00,2,Tuesday,"[1.9, 1.9]","[3.5, 3.5]","[24.6, 0.3]","[5.4, 0.1]",0,,,0,,,Exit,Target hit,SL hit,Exit,-26.200000000000003
2024-08-21,13.95,1,Short,09:30:00,09:30:00,09:30:00,09:30:00,24677.7,24350.0,24500,24900,25000,2024-08-22 00:00:00,1,Wednesday,8.2,23.5,13.15,5.2,0,47.0,26.3,0,4.7,2.6300000000000003,,,,,93.0
2024-08-21,,0,Long,2024-08-22 09:15:00,2024-08-22 09:15:00,2024-08-22 13:04:00,2024-08-22 13:04:00,,24350.0,24500,24900,25000,2024-08-22 00:00:00,1,Wednesday,"[1.05, 1.05]","[3.0, 3.0]","[2.3, 2.3]","[0.7, 0.7]",0,,,0,,,Exit,Target hit,Target hit,Exit,-14.2
2024-08-22,13.36,1,Short,09:30:00,09:30:00,09:30:00,09:30:00,24826.85,24750.0,24850,24850,24950,2024-08-22 00:00:00,0,Thursday,19.0,60.6,33.5,9.85,0,121.2,67.0,0,12.12,6.7,,,,,261.0
2024-08-22,,0,Long,2024-08-22 15:00:00,2024-08-22 15:00:00,2024-08-22 13:02:00,2024-08-22 13:02:00,,24750.0,24850,24850,24950,2024-08-22 00:00:00,0,Thursday,"[0.4, 0.4]","[42.2, 42.2]","[6.7, 6.7]","[1.25, 1.25]",0,,,0,,,Exit,Universal exit,Target hit,Exit,-189.00000000000003
2024-08-23,12.98,1,Short,09:30:00,09:30:00,09:30:00,09:30:00,24829.15,23950.0,24350,25350,25550,2024-08-29 00:00:00,6,Friday,6.25,18.25,8.7,3.1,0,36.5,17.4,0,3.65,1.74,,,,,70.4
2024-08-23,,0,Long,2024-08-27 09:51:00,2024-08-27 09:51:00,2024-08-26 10:19:00,2024-08-26 10:19:00,,23950.0,24350,25350,25550,2024-08-29 00:00:00,6,Friday,"[2.05, 2.05]","[3.65, 3.65]","[20.25, 0.35]","[4.4, 0.1]",0,,,0,,,Exit,Target hit,SL hit,Exit,-23.0
2024-08-26,13.7,1,Short,09:30:00,09:30:00,09:30:00,09:30:00,24919.25,24300.0,24550,25250,25400,2024-08-29 00:00:00,3,Monday,5.85,16.55,13.85,4.4,0,33.1,27.7,0,3.3100000000000005,2.77,,,,,80.6
2024-08-26,,0,Long,2024-08-28 09:16:00,2024-08-28 09:16:00,2024-08-26 09:41:00,2024-08-26 09:41:00,,24300.0,24550,25250,25400,2024-08-29 00:00:00,3,Monday,"[1.65, 1.65]","[2.75, 2.75]","[29.5, 3.1]","[9.6, 0.25]",0,,,0,,,Exit,Target hit,SL hit,Exit,-32.849999999999994
2024-08-27,13.92,1,Short,09:30:00,09:30:00,09:30:00,09:30:00,25002.7,24450.0,24700,25300,25450,2024-08-29 00:00:00,2,Tuesday,5.5,17.05,11.2,3.05,0,34.1,22.4,0,3.41,2.24,,,,,78.8
2024-08-27,,0,Long,2024-08-28 13:47:00,2024-08-28 13:47:00,2024-08-29 09:16:00,2024-08-29 09:16:00,,24450.0,24700,25300,25450,2024-08-29 00:00:00,2,Tuesday,"[1.7, 1.7]","[3.35, 3.35]","[1.65, 1.65]","[0.6, 0.6]",0,,,0,,,Exit,Target hit,Target hit,Exit,-10.8
2024-08-28,13.68,1,Short,09:30:00,09:30:00,09:30:00,09:30:00,25012.55,24650.0,24800,25200,25300,2024-08-29 00:00:00,1,Wednesday,4.3,14.15,14.75,4.8,0,28.3,29.5,0,2.83,2.95,,,,,79.19999999999999
2024-08-28,,0,Long,2024-08-29 09:42:00,2024-08-29 09:42:00,2024-08-28 11:33:00,2024-08-28 11:33:00,,24650.0,24800,25200,25300,2024-08-29 00:00:00,1,Wednesday,"[0.7, 0.7]","[2.7, 2.7]","[33.0, 13.95]","[9.4, 0.75]",0,,,0,,,Exit,Target hit,SL hit,Exit,-71.2
2024-08-29,13.94,1,Short,09:30:00,09:30:00,09:30:00,09:30:00,25054.85,24900.0,25050,25050,25150,2024-08-29 00:00:00,0,Thursday,14.45,50.4,59.7,18.55,0,100.8,119.4,0,10.08,11.94,,,,,308.4
2024-08-29,,0,Long,2024-08-29 12:30:00,2024-08-29 12:30:00,2024-08-29 12:32:00,2024-08-29 12:32:00,,24900.0,25050,25050,25150,2024-08-29 00:00:00,0,Thursday,"[1.75, 1.75]","[8.65, 8.65]","[135.75, 132.5]","[57.85, 46.05]",0,,,0,,,Exit,Target hit,SL hit,Exit,-364.85
2024-08-30,13.68,1,Short,09:30:00,09:30:00,09:30:00,09:30:00,25252.75,24200.0,24700,25800,26050,2024-09-05 00:00:00,6,Friday,5.1,15.05,7.1,2.2,0,30.1,14.2,0,3.01,1.42,,,,,59.39999999999999
2024-08-30,,0,Long,2024-09-03 12:20:00,2024-09-03 12:20:00,2024-09-03 12:39:00,2024-09-03 12:39:00,,24200.0,24700,25800,26050,2024-09-05 00:00:00,6,Friday,"[0.05, 0.05]","[3.0, 3.0]","[1.4, 1.4]","[0.8, 0.8]",0,,,0,,,Exit,Target hit,Target hit,Exit,-14.2
2024-09-02,13.62,1,Short,09:30:00,09:30:00,09:30:00,09:30:00,25305.25,24600.0,24950,25650,25800,2024-09-05 00:00:00,3,Monday,6.65,20.4,14.55,4.45,0,40.8,29.1,0,4.08,2.91,,,,,95.4
2024-09-02,,0,Long,2024-09-05 09:15:00,2024-09-05 09:15:00,2024-09-03 15:30:00,2024-09-03 15:30:00,,24600.0,24950,25650,25800,2024-09-05 00:00:00,3,Monday,"[0.4, 0.4]","[3.0, 3.0]","[2.9, 2.9]","[1.25, 1.25]",0,,,0,,,Exit,Target hit,Target hit,Exit,-17.0
2024-09-03,13.83,1,Short,09:30:00,09:30:00,09:30:00,09:30:00,25268.05,24750.0,24950,25550,25700,2024-09-05 00:00:00,2,Tuesday,5.45,15.2,13.05,3.7,0,30.4,26.1,0,3.04,2.6100000000000003,,,,,76.4
2024-09-03,,0,Long,2024-09-04 09:16:00,2024-09-04 09:16:00,2024-09-04 13:05:00,2024-09-04 13:05:00,,24750.0,24950,25550,25700,2024-09-05 00:00:00,2,Tuesday,"[9.25, 0.1]","[30.75, 0.15]","[2.6, 2.6]","[1.55, 1.55]",0,,,0,,,Exit,SL hit,Target hit,Exit,-25.85
2024-09-04,14.43,1,Short,09:30:00,09:30:00,09:30:00,09:30:00,25105.5,24700.0,24850,25350,25500,2024-09-05 00:00:00,1,Wednesday,5.8,15.95,13.1,4.15,0,31.9,26.2,0,3.19,2.62,,,,,76.39999999999999
2024-09-04,,0,Long,2024-09-05 09:15:00,2024-09-05 09:15:00,2024-09-05 11:56:00,2024-09-05 11:56:00,,24700.0,24850,25350,25500,2024-09-05 00:00:00,1,Wednesday,"[0.4, 0.4]","[2.0, 2.0]","[2.6, 2.6]","[0.8, 0.8]",0,,,0,,,Exit,Target hit,Target hit,Exit,-13.599999999999998
2024-09-05,14.14,1,Short,09:30:00,09:30:00,09:30:00,09:30:00,25216.9,25100.0,25200,25200,25300,2024-09-05 00:00:00,0,Thursday,23.7,59.5,63.6,26.15,0,119.0,127.2,0,11.9,12.72,,,,,293.0
2024-09-05,,0,Long,2024-09-05 15:00:00,2024-09-05 15:00:00,2024-09-05 13:08:00,2024-09-05 13:08:00,,25100.0,25200,25200,25300,2024-09-05 00:00:00,0,Thursday,"[0.75, 0.75]","[48.15, 48.15]","[11.75, 11.75]","[3.25, 3.25]",0,,,0,,,Exit,Universal exit,Target hit,Exit,-223.6
2024-09-06,13.91,1,Short,09:30:00,09:30:00,09:30:00,09:30:00,25137.3,24250.0,24600,25700,26000,2024-09-12 00:00:00,6,Friday,5.3,15.9,5.95,2.05,0,31.8,11.9,0,3.18,1.1900000000000002,,,,,58.00000000000001
2024-09-06,,0,Long,2024-09-06 09:46:00,2024-09-06 09:46:00,2024-09-10 12:01:00,2024-09-10 12:01:00,,24250.0,24600,25700,26000,2024-09-12 00:00:00,6,Friday,"[9.95, 0.25]","[32.7, 0.4]","[1.15, 1.15]","[0.8, 0.8]",0,,,0,,,Exit,SL hit,Target hit,Exit,-24.60000000000001
2024-09-09,15.33,1,Short,09:30:00,09:30:00,09:30:00,09:30:00,24754.95,24000.0,24350,25150,25400,2024-09-12 00:00:00,3,Monday,8.95,25.4,22.3,6.65,0,50.8,44.6,0,5.08,4.46,,,,,128.4
2024-09-09,,0,Long,2024-09-10 09:15:00,2024-09-10 09:15:00,2024-09-09 10:48:00,2024-09-09 10:48:00,,24000.0,24350,25150,25400,2024-09-12 00:00:00,3,Monday,"[2.3, 2.3]","[4.0, 4.0]","[45.3, 188.7]","[9.8, 2.3]",0,,,0,,,Exit,Target hit,SL hit,Exit,-601.4999999999999
2024-09-10,13.93,1,Short,09:30:00,09:30:00,09:30:00,09:30:00,24994.25,24500.0,24700,25300,25450,2024-09-12 00:00:00,2,Tuesday,5.0,16.9,9.8,3.2,0,33.8,19.6,0,3.38,1.96,,,,,74.0
2024-09-10,,0,Long,2024-09-10 09:55:00,2024-09-10 09:55:00,2024-09-10 13:13:00,2024-09-10 13:13:00,,24500.0,24700,25300,25450,2024-09-12 00:00:00,2,Tuesday,"[12.15, 0.4]","[39.7, 0.45]","[20.1, 41.9]","[5.75, 0.85]",0,,,0,,,Exit,SL hit,SL hit,Exit,-165.2
2024-09-11,13.37,1,Short,09:30:00,09:30:00,09:30:00,09:30:00,25003.7,24650.0,24800,25200,25350,2024-09-12 00:00:00,1,Wednesday,6.85,22.7,13.5,3.6,0,45.4,27.0,0,4.54,2.7,,,,,103.0
2024-09-11,,0,Long,2024-09-11 14:56:00,2024-09-11 14:56:00,2024-09-11 12:01:00,2024-09-11 12:01:00,,24650.0,24800,25200,25350,2024-09-12 00:00:00,1,Wednesday,"[12.85, 0.45]","[46.65, 0.65]","[27.0, 136.3]","[5.75, 10.45]",0,,,0,,,Exit,SL hit,SL hit,Exit,-433.2
2024-09-12,13.08,1,Short,09:30:00,09:30:00,09:30:00,09:30:00,25058.15,24950.0,25050,25050,25150,2024-09-12 00:00:00,0,Thursday,21.4,56.1,56.7,21.45,0,112.2,113.4,0,11.22,11.340000000000002,,,,,279.80000000000007
2024-09-12,,0,Long,2024-09-12 11:26:00,2024-09-12 11:26:00,2024-09-12 14:05:00,2024-09-12 14:05:00,,24950.0,25050,25050,25150,2024-09-12 00:00:00,0,Thursday,"[79.1, 0.85]","[142.25, 1.1]","[125.0, 286.55]","[46.55, 188.7]",0,,,0,,,Exit,SL hit,SL hit,Exit,-435.9000000000002
2024-09-13,12.86,1,Short,09:30:00,09:30:00,09:30:00,09:30:00,25314.95,24350.0,24800,25800,26100,2024-09-19 00:00:00,6,Friday,8.5,25.8,13.7,4.3,0,51.6,27.4,0,5.16,2.74,,,,,106.8
2024-09-13,,0,Long,2024-09-19 09:15:00,2024-09-19 09:15:00,2024-09-19 10:00:00,2024-09-19 10:00:00,,24350.0,24800,25800,26100,2024-09-19 00:00:00,6,Friday,"[0.85, 0.85]","[3.45, 3.45]","[2.6, 2.6]","[0.6, 0.6]",0,,,0,,,Exit,Target hit,Target hit,Exit,-18.4
2024-09-16,12.77,1,Short,09:30:00,09:30:00,09:30:00,09:30:00,25397.35,24750.0,25050,25750,25950,2024-09-19 00:00:00,3,Monday,8.3,24.6,15.9,5.55,0,49.2,31.8,0,4.920000000000001,3.18,,,,,106.6
2024-09-16,,0,Long,2024-09-19 09:16:00,2024-09-19 09:16:00,2024-09-19 10:35:00,2024-09-19 10:35:00,,24750.0,25050,25750,25950,2024-09-19 00:00:00,3,Monday,"[0.75, 0.75]","[1.9, 1.9]","[3.05, 3.05]","[0.8, 0.8]",0,,,0,,,Exit,Target hit,Target hit,Exit,-13.599999999999998
2024-09-17,12.67,1,Short,09:30:00,09:30:00,09:30:00,09:30:00,25378.9,24850.0,25100,25700,25850,2024-09-19 00:00:00,2,Tuesday,9.65,27.95,13.4,4.8,0,55.9,26.8,0,5.59,2.68,,,,,107.6
2024-09-17,,0,Long,2024-09-18 13:41:00,2024-09-18 13:41:00,2024-09-18 10:47:00,2024-09-18 10:47:00,,24850.0,25100,25700,25850,2024-09-19 00:00:00,2,Tuesday,"[18.55, 0.1]","[56.85, 0.25]","[27.05, 0.45]","[11.0, 0.35]",0,,,0,,,Exit,SL hit,SL hit,Exit,-55.1
2024-09-18,12.75,1,Short,09:30:00,09:30:00,09:30:00,09:30:00,25404.7,24950.0,25200,25600,25750,2024-09-19 00:00:00,1,Wednesday,10.6,34.55,26.5,7.75,0,69.1,53.0,0,6.91,5.300000000000001,,,,,170.79999999999998
2024-09-18,,0,Long,2024-09-18 13:36:00,2024-09-18 13:36:00,2024-09-19 09:21:00,2024-09-19 09:21:00,,24950.0,25200,25600,25750,2024-09-19 00:00:00,1,Wednesday,"[24.65, 0.25]","[69.25, 0.35]","[55.25, 0.65]","[12.4, 0.35]",0,,,0,,,Exit,SL hit,SL hit,Exit,-88.65
2024-09-19,12.27,1,Short,09:30:00,09:30:00,09:30:00,09:30:00,25565.75,25450.0,25550,25550,25700,2024-09-19 00:00:00,0,Thursday,15.8,44.35,67.85,17.1,0,88.7,135.7,0,8.870000000000001,13.57,,,,,317.19999999999993
2024-09-19,,0,Long,2024-09-19 11:29:00,2024-09-19 11:29:00,2024-09-19 11:23:00,2024-09-19 11:23:00,,25450.0,25550,25550,25700,2024-09-19 00:00:00,0,Thursday,"[35.5, 37.45]","[93.45, 135.25]","[11.9, 11.9]","[2.8, 2.8]",0,,,0,,,Exit,SL hit,Target hit,Exit,-387.75
2024-09-20,12.57,1,Short,09:30:00,09:30:00,09:30:00,09:30:00,25488.9,24500.0,25000,26000,26250,2024-09-26 00:00:00,6,Friday,11.6,35.9,13.65,4.55,0,71.8,27.3,0,7.18,2.7300000000000004,,,,,133.6
2024-09-20,,0,Long,2024-09-24 09:34:00,2024-09-24 09:34:00,2024-09-20 10:41:00,2024-09-20 10:41:00,,24500.0,25000,26000,26250,2024-09-26 00:00:00,6,Friday,"[4.6, 4.6]","[7.05, 7.05]","[28.9, 216.15]","[7.55, 14.0]",0,,,0,,,Exit,Target hit,SL hit,Exit,-637.5999999999999
2024-09-23,13.59,1,Short,09:30:00,09:30:00,09:30:00,09:30:00,25892.75,24950.0,25500,26300,26550,2024-09-26 00:00:00,3,Monday,14.6,43.45,20.75,7.35,0,86.9,41.5,0,8.690000000000001,4.15,,,,,169.0
2024-09-23,,0,Long,2024-09-25 09:20:00,2024-09-25 09:20:00,2024-09-25 11:43:00,2024-09-25 11:43:00,,24950.0,25500,26300,26550,2024-09-26 00:00:00,3,Monday,"[1.9, 1.9]","[8.45, 8.45]","[4.15, 4.15]","[2.4, 2.4]",0,,,0,,,Exit,Target hit,Target hit,Exit,-33.2
2024-09-24,13.91,1,Short,09:30:00,09:30:00,09:30:00,09:30:00,25932.9,25300.0,25650,26250,26450,2024-09-26 00:00:00,2,Tuesday,10.7,33.6,18.8,6.0,0,67.2,37.6,0,6.720000000000001,3.76,,,,,142.8
2024-09-24,,0,Long,2024-09-25 15:12:00,2024-09-25 15:12:00,2024-09-25 12:26:00,2024-09-25 12:26:00,,25300.0,25650,26250,26450,2024-09-26 00:00:00,2,Tuesday,"[2.65, 2.65]","[6.4, 6.4]","[3.75, 3.75]","[2.2, 2.2]",0,,,0,,,Exit,Target hit,Target hit,Exit,-21.200000000000003
2024-09-25,13.37,1,Short,09:30:00,09:30:00,09:30:00,09:30:00,25939.2,25550.0,25750,26150,26300,2024-09-26 00:00:00,1,Wednesday,10.75,30.9,17.8,5.7,0,61.8,35.6,0,6.18,3.5600000000000005,,,,,129.0
2024-09-25,,0,Long,2024-09-26 09:15:00,2024-09-26 09:15:00,2024-09-26 10:10:00,2024-09-26 10:10:00,,25550.0,25750,26150,26300,2024-09-26 00:00:00,1,Wednesday,"[2.4, 2.4]","[5.4, 5.4]","[38.25, 76.9]","[7.3, 4.55]",0,,,0,,,Exit,Target hit,SL hit,Exit,-260.0
2024-09-26,12.46,1,Short,09:30:00,09:30:00,09:30:00,09:30:00,26049.25,25900.0,26050,26050,26150,2024-09-26 00:00:00,0,Thursday,17.75,56.55,69.35,27.85,0,113.1,138.7,0,11.31,13.87,,,,,321.19999999999993
2024-09-26,,0,Long,2024-09-26 14:49:00,2024-09-26 14:49:00,2024-09-26 14:37:00,2024-09-26 14:37:00,,25900.0,26050,26050,26150,2024-09-26 00:00:00,0,Thursday,"[2.9, 2.9]","[11.1, 11.1]","[156.15, 170.25]","[77.3, 76.9]",0,,,0,,,Exit,Target hit,SL hit,Exit,-391.7
2024-09-27,11.85,1,Short,09:30:00,09:30:00,09:30:00,09:30:00,26230.75,25300.0,25750,26750,27050,2024-10-03 00:00:00,6,Friday,8.4,24.7,14.1,4.3,0,49.4,28.2,0,4.94,2.8200000000000003,,,,,104.4
2024-09-27,,0,Long,2024-09-30 09:55:00,2024-09-30 09:55:00,2024-10-01 09:17:00,2024-10-01 09:17:00,,25300.0,25750,26750,27050,2024-10-03 00:00:00,6,Friday,"[10.65, 45.45]","[50.7, 493.1]","[2.7, 2.7]","[1.8, 1.8]",0,,,0,,,Exit,SL hit,Target hit,Exit,-1386.6
2024-09-30,12.6,1,Short,09:30:00,09:30:00,09:30:00,09:30:00,26064.85,25350.0,25700,26400,26600,2024-10-03 00:00:00,3,Monday,7.05,22.05,23.3,7.75,0,44.1,46.6,0,4.41,4.66,,,,,122.2
2024-09-30,,0,Long,2024-09-30 11:26:00,2024-09-30 11:26:00,2024-10-01 09:53:00,2024-10-01 09:53:00,,25350.0,25700,26400,26600,2024-10-03 00:00:00,3,Monday,"[10.85, 94.5]","[44.15, 443.85]","[4.6, 4.6]","[2.45, 2.45]",0,,,0,,,Exit,SL hit,Target hit,Exit,-1089.9500000000005
2024-02-01,15.9,1,Short,09:30:00,09:30:00,09:30:00,09:30:00,21720.05,21450.0,21700,21700,21950,2024-02-01 00:00:00,0,Thursday,31.25,105.25,107.45,34.1,0,210.5,214.9,0,21.05,21.49,,,,,589.4
2024-02-01,,0,Long,2024-02-01 12:50:00,2024-02-01 12:50:00,2024-02-01 14:36:00,2024-02-01 14:36:00,,21450.0,21700,21700,21950,2024-02-01 00:00:00,0,Thursday,"[2.9, 2.9]","[18.1, 18.1]","[20.55, 20.55]","[0.65, 0.65]",0,,,0,,,Exit,Target hit,Target hit,Exit,-140.40000000000003
2024-02-02,14.22,1,Short,09:30:00,09:30:00,09:30:00,09:30:00,21941.15,21050.0,21450,22450,22700,2024-02-08 00:00:00,6,Friday,8.75,26.85,23.5,7.25,0,53.7,47.0,0,5.370000000000001,4.7,,,,,137.4
2024-02-02,,0,Long,2024-02-05 14:46:00,2024-02-05 14:46:00,2024-02-02 11:39:00,2024-02-02 11:39:00,,21050.0,21450,22450,22700,2024-02-08 00:00:00,6,Friday,"[9.95, 0.05]","[61.6, 0.2]","[47.6, 0.1]","[12.9, 0.1]",0,,,0,,,Exit,SL hit,SL hit,Exit,-86.8
2024-02-05,15.8,1,Short,09:30:00,09:30:00,09:30:00,09:30:00,21902.5,21250.0,21550,22250,22500,2024-02-08 00:00:00,3,Monday,13.75,43.05,44.6,13.55,0,86.1,89.2,0,8.61,8.92,,,,,241.40000000000003
2024-02-05,,0,Long,2024-02-05 14:46:00,2024-02-05 14:46:00,2024-02-07 11:32:00,2024-02-07 11:32:00,,21250.0,21550,22250,22500,2024-02-08 00:00:00,3,Monday,"[25.85, 0.05]","[91.5, 0.35]","[8.35, 8.35]","[2.0, 2.0]",0,,,0,,,Exit,SL hit,Target hit,Exit,-91.95
2024-02-06,15.78,1,Short,09:30:00,09:30:00,09:30:00,09:30:00,21792.9,21250.0,21500,22100,22300,2024-02-08 00:00:00,2,Tuesday,15.05,46.3,33.65,11.8,0,92.6,67.3,0,9.26,6.73,,,,,212.39999999999995
2024-02-06,,0,Long,2024-02-07 09:16:00,2024-02-07 09:16:00,2024-02-07 09:15:00,2024-02-07 09:15:00,,21250.0,21500,22100,22300,2024-02-08 00:00:00,2,Tuesday,"[2.9, 2.9]","[7.25, 7.25]","[99.0, 0.2]","[18.0, 0.15]",0,,,0,,,Exit,Target hit,SL hit,Exit,-98.55
2024-02-07,15.93,1,Short,09:30:00,09:30:00,09:30:00,09:30:00,21989.85,21550.0,21800,22200,22350,2024-02-08 00:00:00,1,Wednesday,12.5,41.05,36.25,11.55,0,82.1,72.5,0,8.209999999999999,7.25,,,,,213.0
2024-02-07,,0,Long,2024-02-08 10:05:00,2024-02-08 10:05:00,2024-02-08 09:16:00,2024-02-08 09:16:00,,21550.0,21800,22200,22350,2024-02-08 00:00:00,1,Wednesday,"[1.35, 1.35]","[7.25, 7.25]","[7.05, 7.05]","[1.45, 1.45]",0,,,0,,,Exit,Target hit,Target hit,Exit,-46.0
2024-02-08,15.52,1,Short,09:30:00,09:30:00,09:30:00,09:30:00,21997.2,21850.0,22000,22000,22100,2024-02-08 00:00:00,0,Thursday,15.0,57.1,60.55,23.8,0,114.2,121.1,0,11.420000000000002,12.11,,,,,315.40000000000003
2024-02-08,,0,Long,2024-02-08 10:16:00,2024-02-08 10:16:00,2024-02-08 10:42:00,2024-02-08 10:42:00,,21850.0,22000,22000,22100,2024-02-08 00:00:00,0,Thursday,"[39.0, 186.5]","[134.4, 337.55]","[12.05, 12.05]","[4.35, 4.35]",0,,,0,,,Exit,SL hit,Target hit,Exit,-579.35
2024-02-09,15.92,1,Short,09:30:00,09:30:00,09:30:00,09:30:00,21770.1,20900.0,21200,22300,22550,2024-02-15 00:00:00,6,Friday,8.9,25.2,25.75,7.4,0,50.4,51.5,0,5.04,5.15,,,,,138.60000000000002
2024-02-09,,0,Long,2024-02-09 11:05:00,2024-02-09 11:05:00,2024-02-12 14:26:00,2024-02-12 14:26:00,,20900.0,21200,22300,22550,2024-02-15 00:00:00,6,Friday,"[17.9, 0.05]","[50.65, 0.15]","[5.05, 5.05]","[2.3, 2.3]",0,,,0,,,Exit,SL hit,Target hit,Exit,-44.05
2024-02-12,16.12,1,Short,09:30:00,09:30:00,09:30:00,09:30:00,21800.95,21100.0,21400,22200,22400,2024-02-15 00:00:00,3,Monday,9.4,31.3,22.0,6.4,0,62.6,44.0,0,6.260000000000001,4.4,,,,,150.0
2024-02-12,,0,Long,2024-02-12 12:59:00,2024-02-12 12:59:00,2024-02-13 11:48:00,2024-02-13 11:48:00,,21100.0,21400,22200,22400,2024-02-15 00:00:00,3,Monday,"[18.0, 0.1]","[63.4, 0.15]","[4.4, 4.4]","[1.55, 1.55]",0,,,0,,,Exit,SL hit,Target hit,Exit,-56.95
2024-02-13,16.46,1,Short,09:30:00,09:30:00,09:30:00,09:30:00,21576.45,21050.0,21300,21900,22100,2024-02-15 00:00:00,2,Tuesday,14.5,46.2,34.25,11.15,0,92.4,68.5,0,9.24,6.8500000000000005,,,,,219.2
2024-02-13,,0,Long,2024-02-14 12:16:00,2024-02-14 12:16:00,2024-02-14 11:40:00,2024-02-14 11:40:00,,21050.0,21300,21900,22100,2024-02-15 00:00:00,2,Tuesday,"[2.4, 2.4]","[9.2, 9.2]","[6.8, 6.8]","[1.8, 1.8]",0,,,0,,,Exit,Target hit,Target hit,Exit,-47.2
2024-02-14,16.14,1,Short,09:30:00,09:30:00,09:30:00,09:30:00,21563.4,21150.0,21350,21750,21900,2024-02-15 00:00:00,1,Wednesday,10.7,36.0,28.35,9.5,0,72.0,56.7,0,7.2,5.670000000000001,,,,,176.59999999999997
2024-02-14,,0,Long,2024-02-14 14:12:00,2024-02-14 14:12:00,2024-02-14 13:01:00,2024-02-14 13:01:00,,21150.0,21350,21750,21900,2024-02-15 00:00:00,1,Wednesday,"[2.3, 2.3]","[6.6, 6.6]","[60.2, 162.4]","[16.15, 17.9]",0,,,0,,,Exit,Target hit,SL hit,Exit,-494.75000000000006
2024-02-15,15.33,1,Short,09:30:00,09:30:00,09:30:00,09:30:00,21875.1,21750.0,21900,21900,22000,2024-02-15 00:00:00,0,Thursday,20.55,70.75,46.85,17.9,0,141.5,93.7,0,14.15,9.37,,,,,316.6
2024-02-15,,0,Long,2024-02-15 13:44:00,2024-02-15 13:44:00,2024-02-15 15:00:00,2024-02-15 15:00:00,,21750.0,21900,21900,22000,2024-02-15 00:00:00,0,Thursday,"[1.6, 1.6]","[14.05, 14.05]","[17.9, 17.9]","[1.15, 1.15]",0,,,0,,,Exit,Target hit,Universal exit,Exit,-116.8
2024-02-16,15.09,1,Short,09:30:00,09:30:00,09:30:00,09:30:00,22005.8,21200.0,21500,22500,22700,2024-02-22 00:00:00,6,Friday,9.2,26.2,18.75,5.65,0,52.4,37.5,0,5.24,3.75,,,,,120.4
2024-02-16,,0,Long,2024-02-20 14:19:00,2024-02-20 14:19:00,2024-02-21 13:49:00,2024-02-21 13:49:00,,21200.0,21500,22500,22700,2024-02-22 00:00:00,6,Friday,"[1.9, 1.9]","[5.05, 5.05]","[3.75, 3.75]","[1.05, 1.05]",0,,,0,,,Exit,Target hit,Target hit,Exit,-23.40000000000001
2024-02-19,16.0,1,Short,09:30:00,09:30:00,09:30:00,09:30:00,22070.9,21400.0,21650,22450,22600,2024-02-22 00:00:00,3,Monday,11.3,31.5,21.4,7.9,0,63.0,42.8,0,6.300000000000001,4.28,,,,,134.79999999999998
2024-02-19,,0,Long,2024-02-21 09:17:00,2024-02-21 09:17:00,2024-02-21 14:10:00,2024-02-21 14:10:00,,21400.0,21650,22450,22600,2024-02-22 00:00:00,3,Monday,"[2.4, 2.4]","[6.25, 6.25]","[4.25, 4.25]","[1.65, 1.65]",0,,,0,,,Exit,Target hit,Target hit,Exit,-25.8
2024-02-20,16.32,1,Short,09:30:00,09:30:00,09:30:00,09:30:00,22089.8,21550.0,21800,22400,22550,2024-02-22 00:00:00,2,Tuesday,12.4,40.15,20.9,7.05,0,80.3,41.8,0,8.03,4.18,,,,,166.39999999999998
2024-02-20,,0,Long,2024-02-21 11:11:00,2024-02-21 11:11:00,2024-02-21 14:38:00,2024-02-21 14:38:00,,21550.0,21800,22400,22550,2024-02-22 00:00:00,2,Tuesday,"[2.2, 2.2]","[7.95, 7.95]","[4.15, 4.15]","[1.95, 1.95]",0,,,0,,,Exit,Target hit,Target hit,Exit,-31.800000000000004
2024-02-21,16.23,1,Short,09:30:00,09:30:00,09:30:00,09:30:00,22207.3,21750.0,21950,22450,22550,2024-02-22 00:00:00,1,Wednesday,10.1,29.15,17.3,6.35,0,58.3,34.6,0,5.83,3.4600000000000004,,,,,120.0
2024-02-21,,0,Long,2024-02-21 14:40:00,2024-02-21 14:40:00,2024-02-21 14:30:00,2024-02-21 14:30:00,,21750.0,21950,22450,22550,2024-02-22 00:00:00,1,Wednesday,"[12.35, 0.2]","[60.5, 0.5]","[3.4, 3.4]","[2.1, 2.1]",0,,,0,,,Exit,SL hit,Target hit,Exit,-54.24999999999999
2024-02-22,15.92,1,Short,09:30:00,09:30:00,09:30:00,09:30:00,22006.75,21850.0,22000,22000,22150,2024-02-22 00:00:00,0,Thursday,19.05,71.3,63.75,18.3,0,142.6,127.5,0,14.26,12.75,,,,,390.80000000000007
2024-02-22,,0,Long,2024-02-22 10:06:00,2024-02-22 10:06:00,2024-02-22 12:54:00,2024-02-22 12:54:00,,21850.0,22000,22000,22150,2024-02-22 00:00:00,0,Thursday,"[61.0, 0.35]","[153.0, 0.7]","[12.2, 12.2]","[1.65, 1.65]",0,,,0,,,Exit,SL hit,Target hit,Exit,-135.25
2024-02-23,15.38,1,Short,09:30:00,09:30:00,09:30:00,09:30:00,22232.8,21450.0,21750,22750,23000,2024-02-29 00:00:00,6,Friday,10.2,29.7,18.95,5.75,0,59.4,37.9,0,5.94,3.79,,,,,130.8
2024-02-23,,0,Long,2024-02-28 09:15:00,2024-02-28 09:15:00,2024-02-27 09:16:00,2024-02-27 09:16:00,,21450.0,21750,22750,23000,2024-02-29 00:00:00,6,Friday,"[2.05, 2.05]","[3.65, 3.65]","[3.1, 3.1]","[1.7, 1.7]",0,,,0,,,Exit,Target hit,Target hit,Exit,-12.0
2024-02-26,15.67,1,Short,09:30:00,09:30:00,09:30:00,09:30:00,22180.4,21550.0,21800,22600,22800,2024-02-29 00:00:00,3,Monday,9.55,30.15,19.45,5.95,0,60.3,38.9,0,6.03,3.89,,,,,136.39999999999998
2024-02-26,,0,Long,2024-02-29 13:03:00,2024-02-29 13:03:00,2024-02-28 09:28:00,2024-02-28 09:28:00,,21550.0,21800,22600,22800,2024-02-29 00:00:00,3,Monday,"[0.65, 0.65]","[5.95, 5.95]","[3.85, 3.85]","[1.15, 1.15]",0,,,0,,,Exit,Target hit,Target hit,Exit,-32.0
2024-02-27,15.87,1,Short,09:30:00,09:30:00,09:30:00,09:30:00,22126.0,21650.0,21850,22450,22600,2024-02-29 00:00:00,2,Tuesday,14.3,39.0,25.4,9.25,0,78.0,50.8,0,7.800000000000001,5.08,,,,,163.40000000000003
2024-02-27,,0,Long,2024-02-29 10:15:00,2024-02-29 10:15:00,2024-02-28 12:04:00,2024-02-28 12:04:00,,21650.0,21850,22450,22600,2024-02-29 00:00:00,2,Tuesday,"[16.1, 0.35]","[80.15, 2.15]","[5.05, 5.05]","[2.25, 2.25]",0,,,0,,,Exit,SL hit,Target hit,Exit,-80.65
2024-02-28,15.85,1,Short,09:30:00,09:30:00,09:30:00,09:30:00,22198.45,21800.0,22000,22400,22550,2024-02-29 00:00:00,1,Wednesday,9.4,33.7,23.85,6.05,0,67.4,47.7,0,6.740000000000001,4.7700000000000005,,,,,168.40000000000003
2024-02-28,,0,Long,2024-02-28 10:58:00,2024-02-28 10:58:00,2024-02-28 14:33:00,2024-02-28 14:33:00,,21800.0,22000,22400,22550,2024-02-29 00:00:00,1,Wednesday,"[20.15, 1.1]","[67.9, 62.8]","[4.6, 4.6]","[1.9, 1.9]",0,,,0,,,Exit,SL hit,Target hit,Exit,-243.65
2024-02-29,16.14,1,Short,09:30:00,09:30:00,09:30:00,09:30:00,21952.2,21800.0,21950,21950,22100,2024-02-29 00:00:00,0,Thursday,24.65,76.35,71.45,23.6,0,152.7,142.9,0,15.27,14.29,,,,,398.2000000000001
2024-02-29,,0,Long,2024-02-29 14:44:00,2024-02-29 14:44:00,2024-02-29 15:00:00,2024-02-29 15:00:00,,21800.0,21950,21950,22100,2024-02-29 00:00:00,0,Thursday,"[0.9, 0.9]","[13.5, 13.5]","[20.85, 20.85]","[1.0, 1.0]",0,,,0,,,Exit,Target hit,Universal exit,Exit,-129.8
2024-03-01,15.31,1,Short,09:30:00,09:30:00,09:30:00,09:30:00,22122.1,21300.0,21600,22600,22800,2024-03-07 00:00:00,6,Friday,8.3,25.2,23.15,7.1,0,50.4,46.3,0,5.04,4.63,,,,,131.79999999999998
2024-03-01,,0,Long,2024-03-04 14:06:00,2024-03-04 14:06:00,2024-03-01 11:38:00,2024-03-01 11:38:00,,21300.0,21600,22600,22800,2024-03-07 00:00:00,6,Friday,"[1.9, 1.9]","[4.9, 4.9]","[53.5, 0.25]","[16.8, 0.15]",0,,,0,,,Exit,Target hit,SL hit,Exit,-49.0
2024-03-04,15.26,1,Short,09:30:00,09:30:00,09:30:00,09:30:00,22381.05,21750.0,22050,22750,22900,2024-03-07 00:00:00,3,Monday,12.65,40.1,21.45,7.55,0,80.2,42.9,0,8.020000000000001,4.29,,,,,165.39999999999998
2024-03-04,,0,Long,2024-03-06 13:52:00,2024-03-06 13:52:00,2024-03-05 10:21:00,2024-03-05 10:21:00,,21750.0,22050,22750,22900,2024-03-07 00:00:00,3,Monday,"[2.8, 2.8]","[7.6, 7.6]","[4.15, 4.15]","[2.0, 2.0]",0,,,0,,,Exit,Target hit,Target hit,Exit,-27.8
2024-03-05,14.96,1,Short,09:30:00,09:30:00,09:30:00,09:30:00,22366.45,21800.0,22050,22650,22800,2024-03-07 00:00:00,2,Tuesday,8.95,29.55,19.05,5.35,0,59.1,38.1,0,5.91,3.810000000000001,,,,,137.20000000000002
2024-03-05,,0,Long,2024-03-06 14:30:00,2024-03-06 14:30:00,2024-03-06 11:08:00,2024-03-06 11:08:00,,21800.0,22050,22650,22800,2024-03-07 00:00:00,2,Tuesday,"[2.5, 2.5]","[5.7, 5.7]","[3.75, 3.75]","[1.8, 1.8]",0,,,0,,,Exit,Target hit,Target hit,Exit,-20.6
2024-03-06,14.54,1,Short,09:30:00,09:30:00,09:30:00,09:30:00,22328.25,21950.0,22150,22550,22700,2024-03-07 00:00:00,1,Wednesday,9.7,34.2,15.0,3.95,0,68.4,30.0,0,6.840000000000001,3.0,,,,,142.20000000000002
2024-03-06,,0,Long,2024-03-06 15:23:00,2024-03-06 15:23:00,2024-03-06 14:24:00,2024-03-06 14:24:00,,21950.0,22150,22550,22700,2024-03-07 00:00:00,1,Wednesday,"[2.55, 2.55]","[6.65, 6.65]","[30.1, 0.75]","[4.6, 0.15]",0,,,0,,,Exit,Target hit,SL hit,Exit,-43.7
2024-03-07,14.4,1,Short,09:30:00,09:30:00,09:30:00,09:30:00,22482.05,22400.0,22500,22500,22600,2024-03-07 00:00:00,0,Thursday,22.8,57.3,43.8,13.0,0,114.6,87.6,0,11.46,8.76,,,,,261.2
2024-03-07,,0,Long,2024-03-07 14:51:00,2024-03-07 14:51:00,2024-03-07 14:45:00,2024-03-07 14:45:00,,22400.0,22500,22500,22600,2024-03-07 00:00:00,0,Thursday,"[0.5, 0.5]","[8.3, 8.3]","[7.3, 7.3]","[0.45, 0.45]",0,,,0,,,Exit,Target hit,Target hit,Exit,-58.60000000000001
2024-03-11,14.33,1,Short,09:30:00,09:30:00,09:30:00,09:30:00,22486.1,21900.0,22150,22850,23000,2024-03-14 00:00:00,3,Monday,9.15,30.25,16.3,5.95,0,60.5,32.6,0,6.050000000000001,3.26,,,,,125.79999999999998
2024-03-11,,0,Long,2024-03-13 11:25:00,2024-03-13 11:25:00,2024-03-12 10:46:00,2024-03-12 10:46:00,,21900.0,22150,22850,23000,2024-03-14 00:00:00,3,Monday,"[11.75, 0.3]","[64.5, 18.4]","[3.05, 3.05]","[1.4, 1.4]",0,,,0,,,Exit,SL hit,Target hit,Exit,-113.65
2024-03-12,14.05,1,Short,09:30:00,09:30:00,09:30:00,09:30:00,22331.55,21850.0,22050,22650,22800,2024-03-14 00:00:00,2,Tuesday,6.0,21.0,20.3,6.05,0,42.0,40.6,0,4.2,4.0600000000000005,,,,,117.0
2024-03-12,,0,Long,2024-03-13 11:31:00,2024-03-13 11:31:00,2024-03-13 13:33:00,2024-03-13 13:33:00,,21850.0,22050,22650,22800,2024-03-14 00:00:00,2,Tuesday,"[12.15, 0.2]","[47.55, 0.75]","[3.7, 3.7]","[2.4, 2.4]",0,,,0,,,Exit,SL hit,Target hit,Exit,-42.24999999999999
2024-03-13,13.79,1,Short,09:30:00,09:30:00,09:30:00,09:30:00,22343.3,22000.0,22150,22550,22700,2024-03-14 00:00:00,1,Wednesday,9.6,25.6,29.15,8.05,0,51.2,58.3,0,5.120000000000001,5.83,,,,,148.4
2024-03-13,,0,Long,2024-03-13 11:23:00,2024-03-13 11:23:00,2024-03-13 13:39:00,2024-03-13 13:39:00,,22000.0,22150,22550,22700,2024-03-14 00:00:00,1,Wednesday,"[18.7, 0.45]","[51.85, 18.4]","[5.8, 5.8]","[3.05, 3.05]",0,,,0,,,Exit,SL hit,Target hit,Exit,-98.0
2024-03-14,14.42,1,Short,09:30:00,09:30:00,09:30:00,09:30:00,21989.25,21850.0,22000,22000,22150,2024-03-14 00:00:00,0,Thursday,25.2,74.35,76.2,25.55,0,148.7,152.4,0,14.87,15.240000000000002,,,,,399.2000000000001
2024-03-14,,0,Long,2024-03-14 10:42:00,2024-03-14 10:42:00,2024-03-14 11:34:00,2024-03-14 11:34:00,,21850.0,22000,22000,22150,2024-03-14 00:00:00,0,Thursday,"[3.3, 3.3]","[14.4, 14.4]","[157.35, 135.85]","[41.5, 4.4]",0,,,0,,,Exit,Target hit,SL hit,Exit,-554.6
2024-03-15,13.82,1,Short,09:30:00,09:30:00,09:30:00,09:30:00,22106.1,21400.0,21650,22550,22750,2024-03-21 00:00:00,6,Friday,9.65,26.75,23.2,7.0,0,53.5,46.4,0,5.3500000000000005,4.64,,,,,133.20000000000002
2024-03-15,,0,Long,2024-03-15 09:59:00,2024-03-15 09:59:00,2024-03-19 09:16:00,2024-03-19 09:16:00,,21400.0,21650,22550,22750,2024-03-21 00:00:00,6,Friday,"[22.75, 0.1]","[55.8, 0.1]","[3.9, 3.9]","[1.45, 1.45]",0,,,0,,,Exit,SL hit,Target hit,Exit,-42.84999999999999
2024-03-18,14.33,1,Short,09:30:00,09:30:00,09:30:00,09:30:00,22030.45,21450.0,21700,22400,22600,2024-03-21 00:00:00,3,Monday,11.1,34.85,26.45,8.15,0,69.7,52.9,0,6.970000000000001,5.29,,,,,168.2
2024-03-18,,0,Long,2024-03-20 10:44:00,2024-03-20 10:44:00,2024-03-19 13:24:00,2024-03-19 13:24:00,,21450.0,21700,22400,22600,2024-03-21 00:00:00,3,Monday,"[12.75, 0.05]","[70.9, 0.15]","[5.25, 5.25]","[2.2, 2.2]",0,,,0,,,Exit,SL hit,Target hit,Exit,-70.65
2024-03-19,14.33,1,Short,09:30:00,09:30:00,09:30:00,09:30:00,21937.55,21450.0,21650,22250,22450,2024-03-21 00:00:00,2,Tuesday,11.8,33.8,27.55,7.8,0,67.6,55.1,0,6.76,5.510000000000001,,,,,166.99999999999997
2024-03-19,,0,Long,2024-03-21 09:16:00,2024-03-21 09:16:00,2024-03-20 10:00:00,2024-03-20 10:00:00,,21450.0,21650,22250,22450,2024-03-21 00:00:00,2,Tuesday,"[0.85, 0.85]","[2.25, 2.25]","[5.5, 5.5]","[1.95, 1.95]",0,,,0,,,Exit,Target hit,Target hit,Exit,-19.8
2024-03-20,14.01,1,Short,09:30:00,09:30:00,09:30:00,09:30:00,21854.7,21500.0,21650,22050,22200,2024-03-21 00:00:00,1,Wednesday,8.5,25.25,34.05,11.75,0,50.5,68.1,0,5.050000000000001,6.81,,,,,156.2
2024-03-20,,0,Long,2024-03-20 10:44:00,2024-03-20 10:44:00,2024-03-21 13:17:00,2024-03-21 13:17:00,,21500.0,21650,22050,22200,2024-03-21 00:00:00,1,Wednesday,"[18.8, 0.05]","[52.0, 0.1]","[6.7, 6.7]","[0.65, 0.65]",0,,,0,,,Exit,SL hit,Target hit,Exit,-57.55
2024-03-21,13.07,1,Short,09:30:00,09:30:00,09:30:00,09:30:00,21994.45,21900.0,22000,22000,22100,2024-03-21 00:00:00,0,Thursday,19.85,54.75,43.0,14.6,0,109.5,86.0,0,10.95,8.6,,,,,253.2
2024-03-21,,0,Long,2024-03-21 11:09:00,2024-03-21 11:09:00,2024-03-21 14:56:00,2024-03-21 14:56:00,,21900.0,22000,22000,22100,2024-03-21 00:00:00,0,Thursday,"[3.4, 3.4]","[10.75, 10.75]","[7.75, 7.75]","[0.25, 0.25]",0,,,0,,,Exit,Target hit,Target hit,Exit,-59.4
2024-03-22,13.01,1,Short,09:30:00,09:30:00,09:30:00,09:30:00,21897.25,21150.0,21450,22350,22550,2024-03-28 00:00:00,6,Friday,5.95,18.1,20.4,5.9,0,36.2,40.8,0,3.620000000000001,4.08,,,,,106.6
2024-03-22,,0,Long,2024-03-26 11:28:00,2024-03-26 11:28:00,2024-03-22 10:19:00,2024-03-22 10:19:00,,21150.0,21450,22350,22550,2024-03-28 00:00:00,6,Friday,"[1.55, 1.55]","[3.6, 3.6]","[42.6, 108.15]","[10.85, 0.55]",0,,,0,,,Exit,Target hit,SL hit,Exit,-362.7500000000001
2024-03-26,13.02,1,Short,09:30:00,09:30:00,09:30:00,09:30:00,22064.95,21550.0,21800,22300,22450,2024-03-28 00:00:00,2,Tuesday,8.8,28.5,38.2,11.3,0,57.0,76.4,0,5.7,7.640000000000001,,,,,186.4
2024-03-26,,0,Long,2024-03-27 11:17:00,2024-03-27 11:17:00,2024-03-28 09:52:00,2024-03-28 09:52:00,,21550.0,21800,22300,22450,2024-03-28 00:00:00,2,Tuesday,"[1.7, 1.7]","[5.55, 5.55]","[79.4, 156.5]","[13.8, 21.9]",0,,,0,,,Exit,Target hit,SL hit,Exit,-484.8
2024-03-27,12.7,1,Short,09:30:00,09:30:00,09:30:00,09:30:00,22102.55,21700.0,21900,22300,22400,2024-03-28 00:00:00,1,Wednesday,6.1,21.65,20.65,6.55,0,43.3,41.3,0,4.33,4.13,,,,,118.6
2024-03-27,,0,Long,2024-03-27 15:20:00,2024-03-27 15:20:00,2024-03-28 09:45:00,2024-03-28 09:45:00,,21700.0,21900,22300,22400,2024-03-28 00:00:00,1,Wednesday,"[1.05, 1.05]","[4.3, 4.3]","[41.4, 156.5]","[10.4, 62.35]",0,,,0,,,Exit,Target hit,SL hit,Exit,-326.4499999999999
2024-03-28,12.71,1,Short,09:30:00,09:30:00,09:30:00,09:30:00,22217.4,22100.0,22200,22200,22300,2024-03-28 00:00:00,0,Thursday,11.3,33.45,68.45,22.15,0,66.9,136.9,0,6.690000000000001,13.69,,,,,273.8
2024-03-28,,0,Long,2024-03-28 11:02:00,2024-03-28 11:02:00,2024-03-28 09:50:00,2024-03-28 09:50:00,,22100.0,22200,22200,22300,2024-03-28 00:00:00,0,Thursday,"[2.75, 2.75]","[6.55, 6.55]","[145.2, 255.6]","[71.3, 156.5]",0,,,0,,,Exit,Target hit,SL hit,Exit,-386.4
2024-04-01,12.75,1,Short,09:30:00,09:30:00,09:30:00,09:30:00,22493.45,21950.0,22200,22800,23000,2024-04-04 00:00:00,3,Monday,10.3,34.35,29.25,8.4,0,68.7,58.5,0,6.870000000000001,5.8500000000000005,,,,,179.6
2024-04-01,,0,Long,2024-04-03 12:15:00,2024-04-03 12:15:00,2024-04-02 10:55:00,2024-04-02 10:55:00,,21950.0,22200,22800,23000,2024-04-04 00:00:00,3,Monday,"[2.5, 2.5]","[6.65, 6.65]","[5.85, 5.85]","[2.1, 2.1]",0,,,0,,,Exit,Target hit,Target hit,Exit,-31.6
2024-04-02,12.09,1,Short,09:30:00,09:30:00,09:30:00,09:30:00,22443.1,22000.0,22200,22700,22850,2024-04-04 00:00:00,2,Tuesday,9.05,28.65,18.8,5.9,0,57.3,37.6,0,5.73,3.76,,,,,130.0
2024-04-02,,0,Long,2024-04-03 13:40:00,2024-04-03 13:40:00,2024-04-03 15:12:00,2024-04-03 15:12:00,,22000.0,22200,22700,22850,2024-04-04 00:00:00,2,Tuesday,"[2.8, 2.8]","[5.65, 5.65]","[3.75, 3.75]","[1.15, 1.15]",0,,,0,,,Exit,Target hit,Target hit,Exit,-21.800000000000004
2024-04-03,11.71,1,Short,09:30:00,09:30:00,09:30:00,09:30:00,22363.85,22050.0,22200,22500,22650,2024-04-04 00:00:00,1,Wednesday,9.55,29.75,22.6,6.7,0,59.5,45.2,0,5.95,4.5200000000000005,,,,,144.4
2024-04-03,,0,Long,2024-04-03 12:32:00,2024-04-03 12:32:00,2024-04-03 10:09:00,2024-04-03 10:09:00,,22050.0,22200,22500,22650,2024-04-04 00:00:00,1,Wednesday,"[3.2, 3.2]","[5.95, 5.95]","[48.7, 28.85]","[14.1, 0.35]",0,,,0,,,Exit,Target hit,SL hit,Exit,-131.1
2024-04-04,11.46,1,Short,09:30:00,09:30:00,09:30:00,09:30:00,22519.05,22350.0,22500,22500,22600,2024-04-04 00:00:00,0,Thursday,15.3,59.3,59.1,20.75,0,118.6,118.2,0,11.86,11.82,,,,,329.40000000000003
2024-04-04,,0,Long,2024-04-04 09:54:00,2024-04-04 09:54:00,2024-04-04 10:53:00,2024-04-04 10:53:00,,22350.0,22500,22500,22600,2024-04-04 00:00:00,0,Thursday,"[42.7, 0.85]","[129.4, 14.1]","[10.85, 10.85]","[4.5, 4.5]",0,,,0,,,Exit,SL hit,Target hit,Exit,-151.85000000000002
2024-04-05,11.57,1,Short,09:30:00,09:30:00,09:30:00,09:30:00,22468.35,21800.0,22100,22800,23000,2024-04-10 00:00:00,5,Friday,8.95,29.3,27.3,8.3,0,58.6,54.6,0,5.86,5.460000000000001,,,,,157.4
2024-04-05,,0,Long,2024-04-08 10:36:00,2024-04-08 10:36:00,2024-04-09 09:52:00,2024-04-09 09:52:00,,21800.0,22100,22800,23000,2024-04-10 00:00:00,5,Friday,"[1.9, 1.9]","[5.85, 5.85]","[55.55, 0.6]","[5.7, 0.05]",0,,,0,,,Exit,Target hit,SL hit,Exit,-67.3
2024-04-08,11.63,1,Short,09:30:00,09:30:00,09:30:00,09:30:00,22584.0,22150.0,22350,22850,23000,2024-04-10 00:00:00,2,Monday,11.3,31.35,16.35,5.0,0,62.7,32.7,0,6.2700000000000005,3.2700000000000005,,,,,125.6
2024-04-08,,0,Long,2024-04-09 10:39:00,2024-04-09 10:39:00,2024-04-08 13:05:00,2024-04-08 13:05:00,,22150.0,22350,22850,23000,2024-04-10 00:00:00,2,Monday,"[3.45, 3.45]","[6.15, 6.15]","[33.4, 0.25]","[7.9, 0.05]",0,,,0,,,Exit,Target hit,SL hit,Exit,-36.9
2024-04-09,11.5,1,Short,09:30:00,09:30:00,09:30:00,09:30:00,22705.35,22350.0,22550,22850,22950,2024-04-10 00:00:00,1,Tuesday,9.25,30.25,23.3,7.8,0,60.5,46.6,0,6.050000000000001,4.66,,,,,146.0
2024-04-09,,0,Long,2024-04-10 11:00:00,2024-04-10 11:00:00,2024-04-10 10:04:00,2024-04-10 10:04:00,,22350.0,22550,22850,22950,2024-04-10 00:00:00,1,Tuesday,"[2.3, 2.3]","[5.7, 5.7]","[4.65, 4.65]","[1.55, 1.55]",0,,,0,,,Exit,Target hit,Target hit,Exit,-26.000000000000007
2024-04-10,11.3,1,Short,09:30:00,09:30:00,09:30:00,09:30:00,22715.7,22600.0,22700,22700,22800,2024-04-10 00:00:00,0,Wednesday,19.75,50.45,55.25,18.3,0,100.9,110.5,0,10.090000000000002,11.05,,,,,270.6
2024-04-10,,0,Long,2024-04-10 13:45:00,2024-04-10 13:45:00,2024-04-10 15:00:00,2024-04-10 15:00:00,,22600.0,22700,22700,22800,2024-04-10 00:00:00,0,Wednesday,"[2.3, 2.3]","[8.6, 8.6]","[35.5, 35.5]","[0.6, 0.6]",0,,,0,,,Exit,Target hit,Universal exit,Exit,-164.79999999999998
2024-04-12,11.33,1,Short,09:30:00,09:30:00,09:30:00,09:30:00,22714.65,22000.0,22300,23100,23250,2024-04-18 00:00:00,6,Friday,6.35,20.45,13.8,5.05,0,40.9,27.6,0,4.09,2.76,,,,,91.4
2024-04-12,,0,Long,2024-04-15 09:15:00,2024-04-15 09:15:00,2024-04-15 09:16:00,2024-04-15 09:16:00,,22000.0,22300,23100,23250,2024-04-18 00:00:00,6,Friday,"[12.55, 11.3]","[75.0, 280.0]","[2.5, 2.5]","[1.65, 1.65]",0,,,0,,,Exit,SL hit,Target hit,Exit,-871.95
2024-04-15,12.43,1,Short,09:30:00,09:30:00,09:30:00,09:30:00,22328.05,21750.0,22050,22650,22850,2024-04-18 00:00:00,3,Monday,10.85,32.35,32.1,9.0,0,64.7,64.2,0,6.470000000000001,6.420000000000001,,,,,178.4
2024-04-15,,0,Long,2024-04-16 13:16:00,2024-04-16 13:16:00,2024-04-16 09:16:00,2024-04-16 09:16:00,,21750.0,22050,22650,22850,2024-04-18 00:00:00,3,Monday,"[10.8, 0.25]","[68.2, 37.6]","[5.75, 5.75]","[2.55, 2.55]",0,,,0,,,Exit,SL hit,Target hit,Exit,-182.25
2024-04-16,12.56,1,Short,09:30:00,09:30:00,09:30:00,09:30:00,22187.45,21750.0,21950,22450,22650,2024-04-18 00:00:00,2,Tuesday,10.1,27.85,17.4,5.7,0,55.7,34.8,0,5.57,3.48,,,,,117.8
2024-04-16,,0,Long,2024-04-18 09:16:00,2024-04-18 09:16:00,2024-04-18 09:20:00,2024-04-18 09:20:00,,21750.0,21950,22450,22650,2024-04-18 00:00:00,2,Tuesday,"[1.1, 1.1]","[3.55, 3.55]","[3.4, 3.4]","[0.7, 0.7]",0,,,0,,,Exit,Target hit,Target hit,Exit,-20.6
2024-04-18,12.17,1,Short,09:30:00,09:30:00,09:30:00,09:30:00,22266.45,22150.0,22250,22250,22350,2024-04-18 00:00:00,0,Thursday,14.9,41.65,44.1,13.45,0,83.3,88.2,0,8.33,8.82,,,,,229.6
2024-04-18,,0,Long,2024-04-18 09:44:00,2024-04-18 09:44:00,2024-04-18 14:07:00,2024-04-18 14:07:00,,22150.0,22250,22250,22350,2024-04-18 00:00:00,0,Thursday,"[45.95, 131.5]","[96.6, 231.0]","[7.6, 7.6]","[1.85, 1.85]",0,,,0,,,Exit,SL hit,Target hit,Exit,-372.15
2024-04-19,14.17,1,Short,09:30:00,09:30:00,09:30:00,09:30:00,21850.65,20900.0,21400,22300,22500,2024-04-25 00:00:00,6,Friday,17.95,53.85,31.25,11.2,0,107.7,62.5,0,10.77,6.25,,,,,223.8
2024-04-19,,0,Long,2024-04-22 09:15:00,2024-04-22 09:15:00,2024-04-19 13:25:00,2024-04-19 13:25:00,,20900.0,21400,22300,22500,2024-04-25 00:00:00,6,Friday,"[5.0, 5.0]","[10.0, 10.0]","[62.5, 320.55]","[21.4, 124.45]",0,,,0,,,Exit,Target hit,SL hit,Exit,-649.4000000000001
2024-04-22,13.11,1,Short,09:30:00,09:30:00,09:30:00,09:30:00,22246.85,21650.0,21950,22550,22700,2024-04-25 00:00:00,3,Monday,15.45,45.45,23.0,8.25,0,90.9,46.0,0,9.090000000000002,4.6000000000000005,,,,,179.0
2024-04-22,,0,Long,2024-04-23 11:31:00,2024-04-23 11:31:00,2024-04-23 09:15:00,2024-04-23 09:15:00,,21650.0,21950,22550,22700,2024-04-25 00:00:00,3,Monday,"[4.15, 4.15]","[8.95, 8.95]","[50.05, 77.8]","[15.5, 1.9]",0,,,0,,,Exit,Target hit,SL hit,Exit,-281.45
2024-04-23,10.39,1,Short,09:30:00,09:30:00,09:30:00,09:30:00,22399.1,21950.0,22200,22600,22750,2024-04-25 00:00:00,2,Tuesday,13.45,43.1,22.75,5.95,0,86.2,45.5,0,8.620000000000001,4.55,,,,,185.8
2024-04-23,,0,Long,2024-04-24 14:22:00,2024-04-24 14:22:00,2024-04-25 09:15:00,2024-04-25 09:15:00,,21950.0,22200,22600,22750,2024-04-25 00:00:00,2,Tuesday,"[2.7, 2.7]","[8.35, 8.35]","[3.2, 3.2]","[0.85, 0.85]",0,,,0,,,Exit,Target hit,Target hit,Exit,-31.999999999999996
2024-04-24,10.35,1,Short,09:30:00,09:30:00,09:30:00,09:30:00,22410.1,22050.0,22250,22550,22650,2024-04-25 00:00:00,1,Wednesday,8.05,25.9,23.0,7.7,0,51.8,46.0,0,5.18,4.6000000000000005,,,,,132.6
2024-04-24,,0,Long,2024-04-25 13:43:00,2024-04-25 13:43:00,2024-04-25 09:15:00,2024-04-25 09:15:00,,22050.0,22250,22550,22650,2024-04-25 00:00:00,1,Wednesday,"[1.0, 1.0]","[4.95, 4.95]","[4.0, 4.0]","[2.2, 2.2]",0,,,0,,,Exit,Target hit,Target hit,Exit,-23.0
2024-04-25,10.52,1,Short,09:30:00,09:30:00,09:30:00,09:30:00,22342.0,22250.0,22350,22350,22450,2024-04-25 00:00:00,0,Thursday,19.05,50.25,52.35,20.7,0,100.5,104.7,0,10.05,10.47,,,,,251.4
2024-04-25,,0,Long,2024-04-25 14:03:00,2024-04-25 14:03:00,2024-04-25 10:13:00,2024-04-25 10:13:00,,22250.0,22350,22350,22450,2024-04-25 00:00:00,0,Thursday,"[3.55, 3.55]","[8.2, 8.2]","[113.6, 270.65]","[52.75, 172.95]",0,,,0,,,Exit,Target hit,SL hit,Exit,-372.5500000000002
2024-04-26,10.85,1,Short,09:30:00,09:30:00,09:30:00,09:30:00,22604.5,21850.0,22200,23000,23150,2024-05-02 00:00:00,6,Friday,9.15,28.5,14.7,5.35,0,57.0,29.4,0,5.7,2.94,,,,,114.8
2024-04-26,,0,Long,2024-04-30 11:36:00,2024-04-30 11:36:00,2024-04-30 15:18:00,2024-04-30 15:18:00,,21850.0,22200,23000,23150,2024-05-02 00:00:00,6,Friday,"[2.95, 2.95]","[5.6, 5.6]","[2.85, 2.85]","[0.9, 0.9]",0,,,0,,,Exit,Target hit,Target hit,Exit,-18.399999999999995
2024-04-29,11.95,1,Short,09:30:00,09:30:00,09:30:00,09:30:00,22510.2,21950.0,22200,22800,22950,2024-05-02 00:00:00,3,Monday,6.15,19.65,28.05,9.25,0,39.3,56.1,0,3.93,5.61,,,,,129.20000000000002
2024-04-29,,0,Long,2024-04-30 14:47:00,2024-04-30 14:47:00,2024-04-30 09:50:00,2024-04-30 09:50:00,,21950.0,22200,22800,22950,2024-05-02 00:00:00,3,Monday,"[1.65, 1.65]","[3.7, 3.7]","[57.4, 0.35]","[16.25, 0.2]",0,,,0,,,Exit,Target hit,SL hit,Exit,-49.8
2024-04-30,12.58,1,Short,09:30:00,09:30:00,09:30:00,09:30:00,22678.25,22200.0,22450,22950,23100,2024-05-02 00:00:00,2,Tuesday,8.8,28.5,9.9,2.95,0,57.0,19.8,0,5.7,1.98,,,,,106.6
2024-04-30,,0,Long,2024-05-02 10:32:00,2024-05-02 10:32:00,2024-04-30 09:54:00,2024-04-30 09:54:00,,22200.0,22450,22950,23100,2024-05-02 00:00:00,2,Tuesday,"[1.45, 1.45]","[5.55, 5.55]","[20.55, 0.2]","[6.45, 0.05]",0,,,0,,,Exit,Target hit,SL hit,Exit,-30.950000000000003
2024-05-02,13.79,1,Short,09:30:00,09:30:00,09:30:00,09:30:00,22640.0,22500.0,22650,22650,22750,2024-05-02 00:00:00,0,Thursday,16.95,51.7,64.95,24.25,0,103.4,129.9,0,10.340000000000002,12.990000000000002,,,,,301.8
2024-05-02,,0,Long,2024-05-02 13:51:00,2024-05-02 13:51:00,2024-05-02 15:00:00,2024-05-02 15:00:00,,22500.0,22650,22650,22750,2024-05-02 00:00:00,0,Thursday,"[2.0, 2.0]","[8.65, 8.65]","[22.4, 22.4]","[0.45, 0.45]",0,,,0,,,Exit,Target hit,Universal exit,Exit,-114.4
2024-05-03,13.8,1,Short,09:30:00,09:30:00,09:30:00,09:30:00,22791.3,21950.0,22300,23300,23500,2024-05-09 00:00:00,6,Friday,5.6,18.0,8.9,3.25,0,36.0,17.8,0,3.6,1.7800000000000002,,,,,72.19999999999999
2024-05-03,,0,Long,2024-05-03 10:23:00,2024-05-03 10:23:00,2024-05-07 09:16:00,2024-05-07 09:16:00,,21950.0,22300,23300,23500,2024-05-09 00:00:00,6,Friday,"[9.35, 1.85]","[36.0, 306.3]","[1.7, 1.7]","[1.3, 1.3]",0,,,0,,,Exit,SL hit,Target hit,Exit,-941.6
2024-05-06,16.08,1,Short,09:30:00,09:30:00,09:30:00,09:30:00,22578.55,21950.0,22200,23000,23200,2024-05-09 00:00:00,3,Monday,6.6,21.15,19.25,5.8,0,42.3,38.5,0,4.23,3.85,,,,,112.0
2024-05-06,,0,Long,2024-05-06 09:40:00,2024-05-06 09:40:00,2024-05-07 13:34:00,2024-05-07 13:34:00,,21950.0,22200,23000,23200,2024-05-09 00:00:00,3,Monday,"[13.95, 1.85]","[43.0, 206.65]","[3.85, 3.85]","[2.4, 2.4]",0,,,0,,,Exit,SL hit,Target hit,Exit,-649.25
2024-05-07,16.8,1,Short,09:30:00,09:30:00,09:30:00,09:30:00,22490.45,21950.0,22150,22850,23000,2024-05-09 00:00:00,2,Tuesday,8.05,23.5,18.1,6.8,0,47.0,36.2,0,4.7,3.620000000000001,,,,,107.0
2024-05-07,,0,Long,2024-05-07 10:35:00,2024-05-07 10:35:00,2024-05-08 09:30:00,2024-05-08 09:30:00,,21950.0,22150,22850,23000,2024-05-09 00:00:00,2,Tuesday,"[15.1, 1.85]","[47.7, 156.1]","[3.6, 3.6]","[2.25, 2.25]",0,,,0,,,Exit,SL hit,Target hit,Exit,-500.75
2024-05-08,17.51,1,Short,09:30:00,09:30:00,09:30:00,09:30:00,22232.9,21850.0,22000,22500,22700,2024-05-09 00:00:00,1,Wednesday,8.8,24.5,24.65,7.55,0,49.0,49.3,0,4.9,4.93,,,,,131.2
2024-05-08,,0,Long,2024-05-09 14:23:00,2024-05-09 14:23:00,2024-05-09 09:49:00,2024-05-09 09:49:00,,21850.0,22000,22500,22700,2024-05-09 00:00:00,1,Wednesday,"[0.25, 0.25]","[3.9, 3.9]","[4.7, 4.7]","[1.05, 1.05]",0,,,0,,,Exit,Target hit,Target hit,Exit,-29.2
2024-05-09,17.6,1,Short,09:30:00,09:30:00,09:30:00,09:30:00,22235.15,22100.0,22250,22250,22400,2024-05-09 00:00:00,0,Thursday,31.0,85.85,60.05,18.0,0,171.7,120.1,0,17.169999999999998,12.01,,,,,387.5999999999999
2024-05-09,,0,Long,2024-05-09 12:49:00,2024-05-09 12:49:00,2024-05-09 11:06:00,2024-05-09 11:06:00,,22100.0,22250,22250,22400,2024-05-09 00:00:00,0,Thursday,"[61.4, 106.7]","[175.5, 256.35]","[11.0, 11.0]","[2.85, 2.85]",0,,,0,,,Exit,SL hit,Target hit,Exit,-595.6500000000001
2024-05-10,18.27,1,Short,09:30:00,09:30:00,09:30:00,09:30:00,22049.1,21100.0,21450,22650,22900,2024-05-16 00:00:00,6,Friday,7.2,21.3,14.95,5.0,0,42.6,29.9,0,4.260000000000001,2.99,,,,,96.2
2024-05-10,,0,Long,2024-05-14 11:06:00,2024-05-14 11:06:00,2024-05-14 15:04:00,2024-05-14 15:04:00,,21100.0,21450,22650,22900,2024-05-16 00:00:00,6,Friday,"[1.6, 1.6]","[4.25, 4.25]","[2.9, 2.9]","[1.25, 1.25]",0,,,0,,,Exit,Target hit,Target hit,Exit,-17.200000000000003
2024-05-13,20.69,1,Short,09:30:00,09:30:00,09:30:00,09:30:00,21952.2,21200.0,21450,22450,22650,2024-05-16 00:00:00,3,Monday,7.6,21.75,15.9,5.8,0,43.5,31.8,0,4.3500000000000005,3.18,,,,,97.0
2024-05-13,,0,Long,2024-05-14 11:03:00,2024-05-14 11:03:00,2024-05-14 14:03:00,2024-05-14 14:03:00,,21200.0,21450,22450,22650,2024-05-16 00:00:00,3,Monday,"[1.95, 1.95]","[4.3, 4.3]","[33.4, 2.7]","[5.7, 0.2]",0,,,0,,,Exit,Target hit,SL hit,Exit,-44.6
2024-05-14,21.1,1,Short,09:30:00,09:30:00,09:30:00,09:30:00,22130.05,21450.0,21750,22550,22700,2024-05-16 00:00:00,2,Tuesday,7.35,23.25,10.7,3.8,0,46.5,21.4,0,4.65,2.14,,,,,91.20000000000002
2024-05-14,,0,Long,2024-05-15 09:41:00,2024-05-15 09:41:00,2024-05-16 09:42:00,2024-05-16 09:42:00,,21450.0,21750,22550,22700,2024-05-16 00:00:00,2,Tuesday,"[1.6, 1.6]","[4.65, 4.65]","[2.05, 2.05]","[0.65, 0.65]",0,,,0,,,Exit,Target hit,Target hit,Exit,-17.8
2024-05-15,20.32,1,Short,09:30:00,09:30:00,09:30:00,09:30:00,22276.45,21800.0,22000,22600,22750,2024-05-16 00:00:00,1,Wednesday,6.25,18.55,5.8,1.75,0,37.1,11.6,0,3.71,1.16,,,,,65.4
2024-05-15,,0,Long,2024-05-15 10:09:00,2024-05-15 10:09:00,2024-05-15 15:30:00,2024-05-15 15:30:00,,21800.0,22000,22600,22750,2024-05-16 00:00:00,1,Wednesday,"[13.45, 0.3]","[43.2, 0.65]","[1.15, 1.15]","[0.6, 0.6]",0,,,0,,,Exit,SL hit,Target hit,Exit,-33.00000000000001
2024-05-16,20.17,1,Short,09:30:00,09:30:00,09:30:00,09:30:00,22310.95,22150.0,22300,22300,22400,2024-05-16 00:00:00,0,Thursday,20.25,62.7,59.5,21.3,0,125.4,119.0,0,12.54,11.9,,,,,322.6
2024-05-16,,0,Long,2024-05-16 10:05:00,2024-05-16 10:05:00,2024-05-16 10:48:00,2024-05-16 10:48:00,,22150.0,22300,22300,22400,2024-05-16 00:00:00,0,Thursday,"[47.2, 1.55]","[128.2, 8.45]","[11.35, 11.35]","[3.7, 3.7]",0,,,0,,,Exit,SL hit,Target hit,Exit,-132.29999999999998
2024-05-17,20.14,1,Short,09:30:00,09:30:00,09:30:00,09:30:00,22376.3,21300.0,21700,23100,23750,2024-05-23 00:00:00,6,Friday,4.85,14.05,4.05,1.3,0,28.1,8.1,0,2.8100000000000005,0.81,,,,,47.80000000000001
2024-05-17,,0,Long,2024-05-21 10:48:00,2024-05-21 10:48:00,2024-05-22 11:59:00,2024-05-22 11:59:00,,21300.0,21700,23100,23750,2024-05-23 00:00:00,6,Friday,"[1.05, 1.05]","[2.7, 2.7]","[0.8, 0.8]","[0.15, 0.15]",0,,,0,,,Exit,Target hit,Target hit,Exit,-9.2
2024-05-21,22.23,1,Short,09:30:00,09:30:00,09:30:00,09:30:00,22469.4,21700.0,22000,22900,23100,2024-05-23 00:00:00,2,Tuesday,5.4,16.5,9.05,2.75,0,33.0,18.1,0,3.3000000000000003,1.8100000000000005,,,,,69.6
2024-05-21,,0,Long,2024-05-22 12:01:00,2024-05-22 12:01:00,2024-05-22 14:56:00,2024-05-22 14:56:00,,21700.0,22000,22900,23100,2024-05-23 00:00:00,2,Tuesday,"[1.2, 1.2]","[3.3, 3.3]","[1.8, 1.8]","[0.55, 0.55]",0,,,0,,,Exit,Target hit,Target hit,Exit,-13.4
2024-05-22,21.87,1,Short,09:30:00,09:30:00,09:30:00,09:30:00,22557.65,22050.0,22250,22850,22950,2024-05-23 00:00:00,1,Wednesday,5.9,17.75,8.7,3.3,0,35.5,17.4,0,3.5500000000000003,1.74,,,,,69.0
2024-05-22,,0,Long,2024-05-23 09:19:00,2024-05-23 09:19:00,2024-05-23 09:43:00,2024-05-23 09:43:00,,22050.0,22250,22850,22950,2024-05-23 00:00:00,1,Wednesday,"[0.8, 0.8]","[3.55, 3.55]","[19.75, 67.85]","[5.4, 6.1]",0,,,0,,,Exit,Target hit,SL hit,Exit,-210.6
2024-05-23,21.52,1,Short,09:30:00,09:30:00,09:30:00,09:30:00,22585.4,22450.0,22600,22600,22750,2024-05-23 00:00:00,0,Thursday,23.3,69.3,66.3,17.7,0,138.6,132.6,0,13.86,13.26,,,,,378.4
2024-05-23,,0,Long,2024-05-23 11:57:00,2024-05-23 11:57:00,2024-05-23 09:43:00,2024-05-23 09:43:00,,22450.0,22600,22600,22750,2024-05-23 00:00:00,0,Thursday,"[3.8, 3.8]","[12.4, 12.4]","[137.6, 313.8]","[52.6, 164.75]",0,,,0,,,Exit,Target hit,SL hit,Exit,-566.5500000000002
2024-05-24,21.56,1,Short,09:30:00,09:30:00,09:30:00,09:30:00,22985.5,21800.0,22250,23750,24200,2024-05-30 00:00:00,6,Friday,5.7,17.2,8.4,2.8,0,34.4,16.8,0,3.44,1.6800000000000002,,,,,68.4
2024-05-24,,0,Long,2024-05-29 12:48:00,2024-05-29 12:48:00,2024-05-27 09:15:00,2024-05-27 09:15:00,,21800.0,22250,23750,24200,2024-05-30 00:00:00,6,Friday,"[0.75, 0.75]","[3.4, 3.4]","[1.5, 1.5]","[1.85, 1.85]",0,,,0,,,Exit,Target hit,Target hit,Exit,-9.2
2024-05-27,22.89,1,Short,09:30:00,09:30:00,09:30:00,09:30:00,22986.85,22100.0,22450,23550,23850,2024-05-30 00:00:00,3,Monday,5.4,16.0,13.35,4.6,0,32.0,26.7,0,3.2,2.67,,,,,77.4
2024-05-27,,0,Long,2024-05-30 09:42:00,2024-05-30 09:42:00,2024-05-29 09:31:00,2024-05-29 09:31:00,,22100.0,22450,23550,23850,2024-05-30 00:00:00,3,Monday,"[1.35, 0.05]","[32.3, 41.6]","[2.65, 2.65]","[1.6, 1.6]",0,,,0,,,Exit,SL hit,Target hit,Exit,-159.8
2024-05-28,23.32,1,Short,09:30:00,09:30:00,09:30:00,09:30:00,22984.1,22250.0,22550,23450,23650,2024-05-30 00:00:00,2,Tuesday,6.0,19.0,12.5,4.35,0,38.0,25.0,0,3.8,2.5,,,,,84.6
2024-05-28,,0,Long,2024-05-29 10:23:00,2024-05-29 10:23:00,2024-05-29 14:02:00,2024-05-29 14:02:00,,22250.0,22550,23450,23650,2024-05-30 00:00:00,2,Tuesday,"[6.45, 0.25]","[38.4, 129.65]","[2.5, 2.5]","[1.6, 1.6]",0,,,0,,,Exit,SL hit,Target hit,Exit,-423.75
2024-05-29,23.94,1,Short,09:30:00,09:30:00,09:30:00,09:30:00,22798.55,22250.0,22450,23150,23350,2024-05-30 00:00:00,1,Wednesday,4.7,14.15,14.2,5.15,0,28.3,28.4,0,2.83,2.84,,,,,74.0
2024-05-29,,0,Long,2024-05-30 09:28:00,2024-05-30 09:28:00,2024-05-29 15:23:00,2024-05-29 15:23:00,,22250.0,22450,23150,23350,2024-05-30 00:00:00,1,Wednesday,"[5.45, 0.25]","[30.4, 41.6]","[2.75, 2.75]","[1.15, 1.15]",0,,,0,,,Exit,SL hit,Target hit,Exit,-155.4
2024-05-30,24.39,1,Short,09:30:00,09:30:00,09:30:00,09:30:00,22641.75,22450.0,22650,22650,22800,2024-05-30 00:00:00,0,Thursday,26.5,93.75,72.25,25.4,0,187.5,144.5,0,18.75,14.45,,,,,456.4
2024-05-30,,0,Long,2024-05-30 14:45:00,2024-05-30 14:45:00,2024-05-30 11:32:00,2024-05-30 11:32:00,,22450.0,22650,22650,22800,2024-05-30 00:00:00,0,Thursday,"[21.8, 41.6]","[187.65, 230.3]","[13.8, 13.8]","[3.8, 3.8]",0,,,0,,,Exit,SL hit,Target hit,Exit,-771.95
2024-05-31,22.79,1,Short,09:30:00,09:30:00,09:30:00,09:30:00,22634.4,21750.0,21850,23450,24400,2024-06-06 00:00:00,6,Friday,25.65,79.2,96.15,33.05,0,158.4,192.3,0,15.840000000000002,19.230000000000004,,,,,466.60000000000014
2024-05-31,,0,Long,2024-06-04 09:23:00,2024-06-04 09:23:00,2024-06-03 09:15:00,2024-06-03 09:15:00,,21750.0,21850,23450,24400,2024-06-06 00:00:00,6,Friday,"[151.25, 0.05]","[175.05, 0.1]","[283.9, 33.35]","[105.0, 0.05]",0,,,0,,,Exit,SL hit,SL hit,Exit,-302.75
2023-10-03,12.22,1,Short,09:30:00,09:30:00,09:30:00,09:30:00,19530.25,19200.0,19350,19750,19900,2023-10-05 00:00:00,2,Tuesday,7.3,20.75,15.05,4.9,0,41.5,30.1,0,4.15,3.01,,,,,94.4
2023-10-03,,0,Long,2023-10-04 09:23:00,2023-10-04 09:23:00,2023-10-04 10:20:00,2023-10-04 10:20:00,,19200.0,19350,19750,19900,2023-10-05 00:00:00,2,Tuesday,"[9.6, 0.05]","[42.45, 0.1]","[3.0, 3.0]","[2.0, 2.0]",0,,,0,,,Exit,SL hit,Target hit,Exit,-37.0
2023-10-04,12.13,1,Short,09:30:00,09:30:00,09:30:00,09:30:00,19393.35,19150.0,19250,19550,19700,2023-10-05 00:00:00,1,Wednesday,5.95,16.05,14.2,4.75,0,32.1,28.4,0,3.2100000000000004,2.84,,,,,78.2
2023-10-04,,0,Long,2023-10-05 09:16:00,2023-10-05 09:16:00,2023-10-05 09:36:00,2023-10-05 09:36:00,,19150.0,19250,19550,19700,2023-10-05 00:00:00,1,Wednesday,"[0.8, 0.8]","[1.3, 1.3]","[32.25, 6.75]","[1.3, 0.1]",0,,,0,,,Exit,Target hit,SL hit,Exit,-52.89999999999999
2023-10-05,11.32,1,Short,09:30:00,09:30:00,09:30:00,09:30:00,19523.75,19450.0,19500,19500,19550,2023-10-05 00:00:00,0,Thursday,7.8,19.9,50.25,22.85,0,39.8,100.5,0,3.98,10.05,,,,,158.0
2023-10-05,,0,Long,2023-10-05 11:12:00,2023-10-05 11:12:00,2023-10-05 15:00:00,2023-10-05 15:00:00,,19450.0,19500,19500,19550,2023-10-05 00:00:00,0,Thursday,"[1.95, 1.95]","[3.95, 3.95]","[52.05, 52.05]","[6.75, 6.75]",0,,,0,,,Exit,Target hit,Universal exit,Exit,-189.2
2023-10-06,10.79,1,Short,09:30:00,09:30:00,09:30:00,09:30:00,19611.45,19050.0,19300,19900,20050,2023-10-12 00:00:00,6,Friday,4.8,16.0,11.0,3.35,0,32.0,22.0,0,3.2,2.2,,,,,75.4
2023-10-06,,0,Long,2023-10-09 09:22:00,2023-10-09 09:22:00,2023-10-11 09:16:00,2023-10-11 09:16:00,,19050.0,19300,19900,20050,2023-10-12 00:00:00,6,Friday,"[11.4, 0.05]","[34.2, 0.1]","[23.4, 0.15]","[4.25, 0.1]",0,,,0,,,Exit,SL hit,SL hit,Exit,-42.25
2023-10-09,11.42,1,Short,09:30:00,09:30:00,09:30:00,09:30:00,19507.35,19000.0,19250,19750,19900,2023-10-12 00:00:00,3,Monday,6.8,21.8,15.2,4.15,0,43.6,30.4,0,4.36,3.04,,,,,104.2
2023-10-09,,0,Long,2023-10-11 09:15:00,2023-10-11 09:15:00,2023-10-10 12:24:00,2023-10-10 12:24:00,,19000.0,19250,19750,19900,2023-10-12 00:00:00,3,Monday,"[2.0, 2.0]","[4.0, 4.0]","[46.35, 53.05]","[9.55, 0.15]",0,,,0,,,Exit,Target hit,SL hit,Exit,-203.5
2023-10-10,10.97,1,Short,09:30:00,09:30:00,09:30:00,09:30:00,19591.4,19250.0,19400,19800,19900,2023-10-12 00:00:00,2,Tuesday,6.45,18.2,12.0,4.0,0,36.4,24.0,0,3.64,2.4000000000000004,,,,,79.0
2023-10-10,,0,Long,2023-10-11 11:29:00,2023-10-11 11:29:00,2023-10-10 12:24:00,2023-10-10 12:24:00,,19250.0,19400,19800,19900,2023-10-12 00:00:00,2,Tuesday,"[2.65, 2.65]","[3.6, 3.6]","[29.0, 6.25]","[9.55, 0.15]",0,,,0,,,Exit,Target hit,SL hit,Exit,-41.55
2023-10-11,11.05,1,Short,09:30:00,09:30:00,09:30:00,09:30:00,19800.8,19450.0,19650,19950,20050,2023-10-12 00:00:00,1,Wednesday,5.5,18.2,12.2,3.95,0,36.4,24.4,0,3.64,2.44,,,,,83.8
2023-10-11,,0,Long,2023-10-12 09:16:00,2023-10-12 09:16:00,2023-10-12 09:38:00,2023-10-12 09:38:00,,19450.0,19650,19950,20050,2023-10-12 00:00:00,1,Wednesday,"[0.85, 0.85]","[2.25, 2.25]","[2.35, 2.35]","[0.85, 0.85]",0,,,0,,,Exit,Target hit,Target hit,Exit,-11.599999999999998
2023-10-12,10.87,1,Short,09:30:00,09:30:00,09:30:00,09:30:00,19821.15,19750.0,19800,19800,19850,2023-10-12 00:00:00,0,Thursday,10.5,24.8,44.6,20.15,0,49.6,89.2,0,4.960000000000001,8.92,,,,,155.00000000000003
2023-10-12,,0,Long,2023-10-12 09:57:00,2023-10-12 09:57:00,2023-10-12 14:44:00,2023-10-12 14:44:00,,19750.0,19800,19800,19850,2023-10-12 00:00:00,0,Thursday,"[24.1, 0.35]","[52.35, 4.15]","[8.75, 8.75]","[0.35, 0.35]",0,,,0,,,Exit,SL hit,Target hit,Exit,-73.25
2023-10-13,10.64,1,Short,09:30:00,09:30:00,09:30:00,09:30:00,19724.5,19100.0,19400,20000,20150,2023-10-19 00:00:00,6,Friday,6.3,19.65,16.0,5.3,0,39.3,32.0,0,3.93,3.2,,,,,96.2
2023-10-13,,0,Long,2023-10-17 09:16:00,2023-10-17 09:16:00,2023-10-18 12:55:00,2023-10-18 12:55:00,,19100.0,19400,20000,20150,2023-10-19 00:00:00,6,Friday,"[2.0, 2.0]","[3.55, 3.55]","[3.2, 3.2]","[2.0, 2.0]",0,,,0,,,Exit,Target hit,Target hit,Exit,-11.0
2023-10-16,10.93,1,Short,09:30:00,09:30:00,09:30:00,09:30:00,19721.8,19250.0,19450,19950,20100,2023-10-19 00:00:00,3,Monday,4.8,14.7,15.1,4.5,0,29.4,30.2,0,2.94,3.02,,,,,81.99999999999999
2023-10-16,,0,Long,2023-10-18 10:25:00,2023-10-18 10:25:00,2023-10-18 14:17:00,2023-10-18 14:17:00,,19250.0,19450,19950,20100,2023-10-19 00:00:00,3,Monday,"[1.85, 1.85]","[2.9, 2.9]","[3.0, 3.0]","[1.65, 1.65]",0,,,0,,,Exit,Target hit,Target hit,Exit,-9.6
2023-10-17,10.67,1,Short,09:30:00,09:30:00,09:30:00,09:30:00,19818.35,19400.0,19600,20000,20100,2023-10-19 00:00:00,2,Tuesday,3.9,11.15,14.65,4.85,0,22.3,29.3,0,2.23,2.93,,,,,68.2
2023-10-17,,0,Long,2023-10-18 12:04:00,2023-10-18 12:04:00,2023-10-18 13:16:00,2023-10-18 13:16:00,,19400.0,19600,20000,20100,2023-10-19 00:00:00,2,Tuesday,"[4.75, 0.1]","[24.1, 0.65]","[2.9, 2.9]","[1.85, 1.85]",0,,,0,,,Exit,SL hit,Target hit,Exit,-25.200000000000003
2023-10-18,10.6,1,Short,09:30:00,09:30:00,09:30:00,09:30:00,19792.45,19500.0,19650,19950,20050,2023-10-19 00:00:00,1,Wednesday,3.65,11.8,10.0,2.65,0,23.6,20.0,0,2.3600000000000003,2.0,,,,,62.0
2023-10-18,,0,Long,2023-10-18 11:13:00,2023-10-18 11:13:00,2023-10-18 15:04:00,2023-10-18 15:04:00,,19500.0,19650,19950,20050,2023-10-19 00:00:00,1,Wednesday,"[5.7, 0.2]","[24.2, 10.75]","[2.0, 2.0]","[1.35, 1.35]",0,,,0,,,Exit,SL hit,Target hit,Exit,-52.75
2023-10-19,11.02,1,Short,09:30:00,09:30:00,09:30:00,09:30:00,19554.3,19450.0,19550,19550,19600,2023-10-19 00:00:00,0,Thursday,5.8,29.95,35.4,15.25,0,59.9,70.8,0,5.99,7.08,,,,,177.2
2023-10-19,,0,Long,2023-10-19 11:27:00,2023-10-19 11:27:00,2023-10-19 11:26:00,2023-10-19 11:26:00,,19450.0,19550,19550,19600,2023-10-19 00:00:00,0,Thursday,"[1.45, 1.45]","[5.35, 5.35]","[70.85, 92.5]","[29.5, 42.7]",0,,,0,,,Exit,Target hit,SL hit,Exit,-206.35000000000005
2023-10-20,10.94,1,Short,09:30:00,09:30:00,09:30:00,09:30:00,19577.05,19000.0,19250,19950,20250,2023-10-26 00:00:00,6,Friday,5.9,17.3,6.3,1.95,0,34.6,12.6,0,3.4600000000000004,1.26,,,,,63.0
2023-10-20,,0,Long,2023-10-23 14:45:00,2023-10-23 14:45:00,2023-10-25 10:27:00,2023-10-25 10:27:00,,19000.0,19250,19950,20250,2023-10-26 00:00:00,6,Friday,"[5.05, 131.9]","[35.2, 378.2]","[1.25, 1.25]","[1.0, 1.0]",0,,,0,,,Exit,SL hit,Target hit,Exit,-770.05
2023-10-23,9.97,1,Short,09:30:00,09:30:00,09:30:00,09:30:00,19546.3,19200.0,19350,19750,19900,2023-10-26 00:00:00,3,Monday,8.15,24.6,16.15,4.55,0,49.2,32.3,0,4.920000000000001,3.23,,,,,112.2
2023-10-23,,0,Long,2023-10-23 11:47:00,2023-10-23 11:47:00,2023-10-23 15:30:00,2023-10-23 15:30:00,,19200.0,19350,19750,19900,2023-10-26 00:00:00,3,Monday,"[15.9, 331.9]","[50.3, 482.35]","[3.0, 3.0]","[2.1, 2.1]",0,,,0,,,Exit,SL hit,Target hit,Exit,-489.35000000000025
2023-10-25,11.03,1,Short,09:30:00,09:30:00,09:30:00,09:30:00,19280.3,19000.0,19150,19450,19600,2023-10-26 00:00:00,1,Wednesday,8.15,25.4,19.05,5.15,0,50.8,38.1,0,5.08,3.810000000000001,,,,,124.6
2023-10-25,,0,Long,2023-10-25 12:31:00,2023-10-25 12:31:00,2023-10-25 13:34:00,2023-10-25 13:34:00,,19000.0,19150,19450,19600,2023-10-26 00:00:00,1,Wednesday,"[16.85, 131.9]","[51.4, 281.55]","[3.8, 3.8]","[2.75, 2.75]",0,,,0,,,Exit,SL hit,Target hit,Exit,-487.7000000000001
2023-10-26,12.27,1,Short,09:30:00,09:30:00,09:30:00,09:30:00,18959.95,18850.0,18950,18950,19050,2023-10-26 00:00:00,0,Thursday,16.7,49.1,53.7,18.05,0,98.2,107.4,0,9.82,10.740000000000002,,,,,272.20000000000005
2023-10-26,,0,Long,2023-10-26 10:22:00,2023-10-26 10:22:00,2023-10-26 11:01:00,2023-10-26 11:01:00,,18850.0,18950,18950,19050,2023-10-26 00:00:00,0,Thursday,"[27.1, 2.85]","[99.75, 81.9]","[9.95, 9.95]","[5.1, 5.1]",0,,,0,,,Exit,SL hit,Target hit,Exit,-329.2
2023-10-27,11.32,1,Short,09:30:00,09:30:00,09:30:00,09:30:00,18968.35,18300.0,18600,19300,19500,2023-11-02 00:00:00,6,Friday,8.1,24.2,21.0,6.75,0,48.4,42.0,0,4.84,4.2,,,,,121.4
2023-10-27,,0,Long,2023-10-31 09:16:00,2023-10-31 09:16:00,2023-10-31 09:15:00,2023-10-31 09:15:00,,18300.0,18600,19300,19500,2023-11-02 00:00:00,6,Friday,"[2.2, 2.2]","[3.75, 3.75]","[43.45, 0.1]","[7.0, 0.1]",0,,,0,,,Exit,Target hit,SL hit,Exit,-42.65
2023-10-30,11.92,1,Short,09:30:00,09:30:00,09:30:00,09:30:00,19012.55,18500.0,18750,19250,19400,2023-11-02 00:00:00,3,Monday,8.8,26.55,18.85,5.75,0,53.1,37.7,0,5.3100000000000005,3.770000000000001,,,,,123.40000000000002
2023-10-30,,0,Long,2023-10-31 09:15:00,2023-10-31 09:15:00,2023-10-30 10:49:00,2023-10-30 10:49:00,,18500.0,18750,19250,19400,2023-11-02 00:00:00,3,Monday,"[4.75, 4.75]","[2.15, 2.15]","[40.6, 0.15]","[11.6, 0.1]",0,,,0,,,Exit,Target hit,SL hit,Exit,-18.750000000000007
2023-10-31,11.73,1,Short,09:30:00,09:30:00,09:30:00,09:30:00,19157.75,18700.0,18950,19350,19500,2023-11-02 00:00:00,2,Tuesday,6.75,22.45,22.05,6.65,0,44.9,44.1,0,4.49,4.41,,,,,124.4
2023-10-31,,0,Long,2023-11-01 13:15:00,2023-11-01 13:15:00,2023-11-01 09:57:00,2023-11-01 09:57:00,,18700.0,18950,19350,19500,2023-11-02 00:00:00,2,Tuesday,"[4.8, 0.1]","[45.05, 0.15]","[4.3, 4.3]","[2.2, 2.2]",0,,,0,,,Exit,SL hit,Target hit,Exit,-48.8
2023-11-01,11.98,1,Short,09:30:00,09:30:00,09:30:00,09:30:00,19070.4,18750.0,18900,19200,19300,2023-11-02 00:00:00,1,Wednesday,7.1,19.6,26.25,9.8,0,39.2,52.5,0,3.92,5.25,,,,,115.8
2023-11-01,,0,Long,2023-11-02 09:16:00,2023-11-02 09:16:00,2023-11-01 15:12:00,2023-11-01 15:12:00,,18750.0,18900,19200,19300,2023-11-02 00:00:00,1,Wednesday,"[0.75, 0.75]","[1.75, 1.75]","[5.25, 5.25]","[2.1, 2.1]",0,,,0,,,Exit,Target hit,Target hit,Exit,-16.6
2023-11-02,11.4,1,Short,09:30:00,09:30:00,09:30:00,09:30:00,19159.85,19100.0,19150,19150,19200,2023-11-02 00:00:00,0,Thursday,16.25,35.0,33.45,15.8,0,70.0,66.9,0,7.0,6.690000000000001,,,,,145.60000000000002
2023-11-02,,0,Long,2023-11-02 11:43:00,2023-11-02 11:43:00,2023-11-02 11:01:00,2023-11-02 11:01:00,,19100.0,19150,19150,19200,2023-11-02 00:00:00,0,Thursday,"[32.95, 0.65]","[74.55, 14.3]","[6.65, 6.65]","[2.6, 2.6]",0,,,0,,,Exit,SL hit,Target hit,Exit,-98.75
2023-11-03,10.77,1,Short,09:30:00,09:30:00,09:30:00,09:30:00,19248.6,18650.0,18950,19550,19700,2023-11-09 00:00:00,6,Friday,4.55,14.45,14.05,4.15,0,28.9,28.1,0,2.89,2.8100000000000005,,,,,79.2
2023-11-03,,0,Long,2023-11-07 13:51:00,2023-11-07 13:51:00,2023-11-09 09:42:00,2023-11-09 09:42:00,,18650.0,18950,19550,19700,2023-11-09 00:00:00,6,Friday,"[1.3, 1.3]","[2.8, 2.8]","[2.75, 2.75]","[0.55, 0.55]",0,,,0,,,Exit,Target hit,Target hit,Exit,-14.8
2023-11-06,11.23,1,Short,09:30:00,09:30:00,09:30:00,09:30:00,19341.25,18850.0,19100,19600,19750,2023-11-09 00:00:00,3,Monday,4.15,12.5,9.45,2.75,0,25.0,18.9,0,2.5,1.89,,,,,60.2
2023-11-06,,0,Long,2023-11-08 11:31:00,2023-11-08 11:31:00,2023-11-09 09:17:00,2023-11-09 09:17:00,,18850.0,19100,19600,19750,2023-11-09 00:00:00,3,Monday,"[1.25, 1.25]","[2.45, 2.45]","[1.55, 1.55]","[0.6, 0.6]",0,,,0,,,Exit,Target hit,Target hit,Exit,-8.6
2023-11-07,11.29,1,Short,09:30:00,09:30:00,09:30:00,09:30:00,19370.7,18900.0,19150,19550,19650,2023-11-09 00:00:00,2,Tuesday,3.45,10.8,14.35,4.7,0,21.6,28.7,0,2.16,2.87,,,,,68.0
2023-11-07,,0,Long,2023-11-08 14:23:00,2023-11-08 14:23:00,2023-11-09 09:42:00,2023-11-09 09:42:00,,18900.0,19150,19550,19650,2023-11-09 00:00:00,2,Tuesday,"[1.05, 1.05]","[2.15, 2.15]","[2.75, 2.75]","[0.7, 0.7]",0,,,0,,,Exit,Target hit,Target hit,Exit,-12.6
2023-11-08,11.21,1,Short,09:30:00,09:30:00,09:30:00,09:30:00,19434.25,19150.0,19300,19600,19700,2023-11-09 00:00:00,1,Wednesday,3.85,12.95,9.35,3.2,0,25.9,18.7,0,2.59,1.87,,,,,60.99999999999999
2023-11-08,,0,Long,2023-11-09 09:15:00,2023-11-09 09:15:00,2023-11-09 09:17:00,2023-11-09 09:17:00,,19150.0,19300,19600,19700,2023-11-09 00:00:00,1,Wednesday,"[0.85, 0.85]","[2.35, 2.35]","[1.55, 1.55]","[0.7, 0.7]",0,,,0,,,Exit,Target hit,Target hit,Exit,-9.400000000000002
2023-11-09,11.0,1,Short,09:30:00,09:30:00,09:30:00,09:30:00,19441.05,19400.0,19450,19450,19500,2023-11-09 00:00:00,0,Thursday,16.9,39.45,25.35,10.95,0,78.9,50.7,0,7.890000000000001,5.07,,,,,147.80000000000007
2023-11-09,,0,Long,2023-11-09 15:00:00,2023-11-09 15:00:00,2023-11-09 13:42:00,2023-11-09 13:42:00,,19400.0,19450,19450,19500,2023-11-09 00:00:00,0,Thursday,"[4.85, 4.85]","[47.5, 47.5]","[4.6, 4.6]","[1.25, 1.25]",0,,,0,,,Exit,Universal exit,Target hit,Exit,-184.0
2023-11-10,11.06,1,Short,09:30:00,09:30:00,09:30:00,09:30:00,19353.8,18750.0,19000,19700,19950,2023-11-16 00:00:00,6,Friday,2.9,8.95,7.2,2.3,0,17.9,14.4,0,1.79,1.4400000000000002,,,,,43.8
2023-11-10,,0,Long,2023-11-13 13:57:00,2023-11-13 13:57:00,2023-11-15 09:15:00,2023-11-15 09:15:00,,18750.0,19000,19700,19950,2023-11-16 00:00:00,6,Friday,"[1.05, 1.05]","[1.75, 1.75]","[30.0, 151.0]","[1.2, 0.15]",0,,,0,,,Exit,Target hit,SL hit,Exit,-484.15
2023-11-13,11.38,1,Short,09:30:00,09:30:00,09:30:00,09:30:00,19448.9,18950.0,19200,19700,19900,2023-11-16 00:00:00,3,Monday,2.75,8.45,6.85,2.25,0,16.9,13.7,0,1.69,1.37,,,,,41.2
2023-11-13,,0,Long,2023-11-15 14:36:00,2023-11-15 14:36:00,2023-11-15 09:15:00,2023-11-15 09:15:00,,18950.0,19200,19700,19900,2023-11-16 00:00:00,3,Monday,"[1.05, 1.05]","[1.65, 1.65]","[30.0, 151.0]","[2.65, 0.45]",0,,,0,,,Exit,Target hit,SL hit,Exit,-481.4
2023-11-15,11.24,1,Short,09:30:00,09:30:00,09:30:00,09:30:00,19628.5,19350.0,19500,19800,19900,2023-11-16 00:00:00,1,Wednesday,4.15,12.15,6.15,2.15,0,24.3,12.3,0,2.43,1.2300000000000002,,,,,48.0
2023-11-15,,0,Long,2023-11-16 09:16:00,2023-11-16 09:16:00,2023-11-16 11:03:00,2023-11-16 11:03:00,,19350.0,19500,19800,19900,2023-11-16 00:00:00,1,Wednesday,"[0.65, 0.65]","[2.0, 2.0]","[13.65, 51.05]","[0.6, 0.45]",0,,,0,,,Exit,Target hit,SL hit,Exit,-170.24999999999997
2023-11-16,11.31,1,Short,09:30:00,09:30:00,09:30:00,09:30:00,19642.9,19600.0,19650,19650,19700,2023-11-16 00:00:00,0,Thursday,10.2,25.25,27.85,10.25,0,50.5,55.7,0,5.050000000000001,5.57,,,,,130.60000000000002
2023-11-16,,0,Long,2023-11-16 10:16:00,2023-11-16 10:16:00,2023-11-16 09:40:00,2023-11-16 09:40:00,,19600.0,19650,19650,19700,2023-11-16 00:00:00,0,Thursday,"[2.5, 2.5]","[4.8, 4.8]","[60.85, 200.95]","[27.8, 151.0]",0,,,0,,,Exit,Target hit,SL hit,Exit,-192.09999999999985
2023-11-17,11.57,1,Short,09:30:00,09:30:00,09:30:00,09:30:00,19762.55,19050.0,19400,20100,20300,2023-11-23 00:00:00,6,Friday,3.7,11.5,10.9,3.5,0,23.0,21.8,0,2.3000000000000003,2.18,,,,,60.8
2023-11-17,,0,Long,2023-11-22 09:16:00,2023-11-22 09:16:00,2023-11-22 10:25:00,2023-11-22 10:25:00,,19050.0,19400,20100,20300,2023-11-23 00:00:00,6,Friday,"[1.15, 1.15]","[2.2, 2.2]","[2.1, 2.1]","[0.85, 0.85]",0,,,0,,,Exit,Target hit,Target hit,Exit,-9.200000000000005
2023-11-20,12.25,1,Short,09:30:00,09:30:00,09:30:00,09:30:00,19731.75,19300.0,19500,20000,20150,2023-11-23 00:00:00,3,Monday,5.45,15.25,15.05,4.65,0,30.5,30.1,0,3.0500000000000003,3.01,,,,,80.8
2023-11-20,,0,Long,2023-11-22 09:17:00,2023-11-22 09:17:00,2023-11-22 13:01:00,2023-11-22 13:01:00,,19300.0,19500,20000,20150,2023-11-23 00:00:00,3,Monday,"[1.6, 1.6]","[3.0, 3.0]","[2.9, 2.9]","[1.55, 1.55]",0,,,0,,,Exit,Target hit,Target hit,Exit,-11.0
2023-11-21,12.06,1,Short,09:30:00,09:30:00,09:30:00,09:30:00,19778.2,19450.0,19600,20000,20100,2023-11-23 00:00:00,2,Tuesday,4.85,14.25,11.25,4.3,0,28.5,22.5,0,2.85,2.25,,,,,65.4
2023-11-21,,0,Long,2023-11-22 15:12:00,2023-11-22 15:12:00,2023-11-22 14:21:00,2023-11-22 14:21:00,,19450.0,19600,20000,20100,2023-11-23 00:00:00,2,Tuesday,"[1.35, 1.35]","[2.8, 2.8]","[2.25, 2.25]","[1.4, 1.4]",0,,,0,,,Exit,Target hit,Target hit,Exit,-9.2
2023-11-22,12.16,1,Short,09:30:00,09:30:00,09:30:00,09:30:00,19790.85,19500.0,19650,19950,20050,2023-11-23 00:00:00,1,Wednesday,3.65,11.65,11.7,3.8,0,23.3,23.4,0,2.33,2.34,,,,,63.60000000000001
2023-11-22,,0,Long,2023-11-22 12:25:00,2023-11-22 12:25:00,2023-11-23 10:33:00,2023-11-23 10:33:00,,19500.0,19650,19950,20050,2023-11-23 00:00:00,1,Wednesday,"[6.05, 0.1]","[24.25, 0.15]","[2.3, 2.3]","[0.8, 0.8]",0,,,0,,,Exit,SL hit,Target hit,Exit,-24.350000000000005
2023-11-23,11.94,1,Short,09:30:00,09:30:00,09:30:00,09:30:00,19858.7,19750.0,19850,19850,19900,2023-11-23 00:00:00,0,Thursday,4.8,22.5,44.1,19.95,0,45.0,88.2,0,4.5,8.82,,,,,167.39999999999998
2023-11-23,,0,Long,2023-11-23 10:19:00,2023-11-23 10:19:00,2023-11-23 10:50:00,2023-11-23 10:50:00,,19750.0,19850,19850,19900,2023-11-23 00:00:00,0,Thursday,"[8.85, 0.4]","[46.65, 39.8]","[8.8, 8.8]","[3.95, 3.95]",0,,,0,,,Exit,SL hit,Target hit,Exit,-175.4
2023-11-24,10.95,1,Short,09:30:00,09:30:00,09:30:00,09:30:00,19830.4,19150.0,19500,20200,20500,2023-11-30 00:00:00,6,Friday,2.95,9.1,5.1,1.65,0,18.2,10.2,0,1.82,1.02,,,,,38.4
2023-11-24,,0,Long,2023-11-29 10:45:00,2023-11-29 10:45:00,2023-11-29 13:47:00,2023-11-29 13:47:00,,19150.0,19500,20200,20500,2023-11-30 00:00:00,6,Friday,"[1.3, 1.3]","[1.8, 1.8]","[12.4, 1.4]","[0.7, 0.1]",0,,,0,,,Exit,Target hit,SL hit,Exit,-17.600000000000005
2023-11-28,12.22,1,Short,09:30:00,09:30:00,09:30:00,09:30:00,19825.35,19500.0,19650,20050,20150,2023-11-30 00:00:00,2,Tuesday,4.65,13.05,9.55,3.4,0,26.1,19.1,0,2.6100000000000003,1.91,,,,,58.2
2023-11-28,,0,Long,2023-11-29 10:56:00,2023-11-29 10:56:00,2023-11-28 15:29:00,2023-11-28 15:29:00,,19500.0,19650,20050,20150,2023-11-30 00:00:00,2,Tuesday,"[1.8, 1.8]","[2.6, 2.6]","[19.35, 80.65]","[4.3, 7.0]",0,,,0,,,Exit,Target hit,SL hit,Exit,-239.20000000000005
2023-11-29,12.28,1,Short,09:30:00,09:30:00,09:30:00,09:30:00,19985.65,19700.0,19850,20150,20250,2023-11-30 00:00:00,1,Wednesday,4.2,11.85,8.3,2.1,0,23.7,16.6,0,2.37,1.66,,,,,55.39999999999999
2023-11-29,,0,Long,2023-11-30 09:16:00,2023-11-30 09:16:00,2023-11-29 11:36:00,2023-11-29 11:36:00,,19700.0,19850,20150,20250,2023-11-30 00:00:00,1,Wednesday,"[1.45, 1.45]","[2.25, 2.25]","[17.5, 7.0]","[3.95, 0.45]",0,,,0,,,Exit,Target hit,SL hit,Exit,-36.4
2023-11-30,12.46,1,Short,09:30:00,09:30:00,09:30:00,09:30:00,20111.5,20000.0,20100,20100,20200,2023-11-30 00:00:00,0,Thursday,8.35,29.5,50.4,11.8,0,59.0,100.8,0,5.9,10.08,,,,,239.00000000000003
2023-11-30,,0,Long,2023-11-30 09:54:00,2023-11-30 09:54:00,2023-11-30 11:34:00,2023-11-30 11:34:00,,20000.0,20100,20100,20200,2023-11-30 00:00:00,0,Thursday,"[22.95, 0.8]","[66.4, 7.25]","[8.4, 8.4]","[2.1, 2.1]",0,,,0,,,Exit,SL hit,Target hit,Exit,-88.0
2023-12-01,12.18,1,Short,09:30:00,09:30:00,09:30:00,09:30:00,20226.85,19500.0,19850,20650,20800,2023-12-07 00:00:00,6,Friday,6.9,20.1,12.4,4.5,0,40.2,24.8,0,4.0200000000000005,2.4800000000000004,,,,,84.4
2023-12-01,,0,Long,2023-12-05 09:41:00,2023-12-05 09:41:00,2023-12-04 09:15:00,2023-12-04 09:15:00,,19500.0,19850,20650,20800,2023-12-07 00:00:00,6,Friday,"[3.0, 3.0]","[4.0, 4.0]","[57.85, 249.4]","[29.9, 99.95]",0,,,0,,,Exit,Target hit,SL hit,Exit,-480.30000000000007
2023-12-04,11.96,1,Short,09:30:00,09:30:00,09:30:00,09:30:00,20565.05,19950.0,20300,20800,20950,2023-12-07 00:00:00,3,Monday,6.6,19.5,25.35,9.35,0,39.0,50.7,0,3.9,5.07,,,,,115.6
2023-12-04,,0,Long,2023-12-06 09:25:00,2023-12-06 09:25:00,2023-12-04 14:31:00,2023-12-04 14:31:00,,19950.0,20300,20800,20950,2023-12-07 00:00:00,3,Monday,"[2.7, 2.7]","[3.9, 3.9]","[55.15, 99.95]","[19.3, 0.3]",0,,,0,,,Exit,Target hit,SL hit,Exit,-339.6
2023-12-05,13.22,1,Short,09:30:00,09:30:00,09:30:00,09:30:00,20749.75,20200.0,20500,21000,21200,2023-12-07 00:00:00,2,Tuesday,7.6,22.8,22.6,7.75,0,45.6,45.2,0,4.5600000000000005,4.5200000000000005,,,,,120.20000000000002
2023-12-05,,0,Long,2023-12-06 11:41:00,2023-12-06 11:41:00,2023-12-05 10:21:00,2023-12-05 10:21:00,,20200.0,20500,21000,21200,2023-12-07 00:00:00,2,Tuesday,"[2.9, 2.9]","[4.55, 4.55]","[49.9, 0.2]","[18.45, 0.1]",0,,,0,,,Exit,Target hit,SL hit,Exit,-38.35
2023-12-06,13.45,1,Short,09:30:00,09:30:00,09:30:00,09:30:00,20928.0,20500.0,20750,21150,21300,2023-12-07 00:00:00,1,Wednesday,6.35,18.85,17.35,6.0,0,37.7,34.7,0,3.770000000000001,3.4700000000000006,,,,,95.4
2023-12-06,,0,Long,2023-12-07 09:54:00,2023-12-07 09:54:00,2023-12-07 09:15:00,2023-12-07 09:15:00,,20500.0,20750,21150,21300,2023-12-07 00:00:00,1,Wednesday,"[0.7, 0.7]","[3.6, 3.6]","[3.0, 3.0]","[0.75, 0.75]",0,,,0,,,Exit,Target hit,Target hit,Exit,-20.6
2023-12-07,13.4,1,Short,09:30:00,09:30:00,09:30:00,09:30:00,20850.8,20750.0,20850,20850,20950,2023-12-07 00:00:00,0,Thursday,9.2,34.65,43.6,9.75,0,69.3,87.2,0,6.93,8.72,,,,,237.2
2023-12-07,,0,Long,2023-12-07 10:53:00,2023-12-07 10:53:00,2023-12-07 15:00:00,2023-12-07 15:00:00,,20750.0,20850,20850,20950,2023-12-07 00:00:00,0,Thursday,"[1.7, 1.7]","[6.3, 6.3]","[50.65, 50.65]","[0.3, 0.3]",0,,,0,,,Exit,Target hit,Universal exit,Exit,-219.8
2023-12-08,12.49,1,Short,09:30:00,09:30:00,09:30:00,09:30:00,20957.65,20100.0,20550,21350,21550,2023-12-14 00:00:00,6,Friday,3.95,12.35,19.45,7.05,0,24.7,38.9,0,2.47,3.89,,,,,83.19999999999999
2023-12-08,,0,Long,2023-12-13 13:39:00,2023-12-13 13:39:00,2023-12-12 14:44:00,2023-12-12 14:44:00,,20100.0,20550,21350,21550,2023-12-14 00:00:00,6,Friday,"[0.75, 0.75]","[2.4, 2.4]","[3.6, 3.6]","[1.95, 1.95]",0,,,0,,,Exit,Target hit,Target hit,Exit,-13.2
2023-12-11,13.06,1,Short,09:30:00,09:30:00,09:30:00,09:30:00,20975.15,20450.0,20700,21300,21500,2023-12-14 00:00:00,3,Monday,5.65,17.6,15.55,5.55,0,35.2,31.1,0,3.5200000000000005,3.1100000000000003,,,,,87.80000000000003
2023-12-11,,0,Long,2023-12-13 15:23:00,2023-12-13 15:23:00,2023-12-13 09:21:00,2023-12-13 09:21:00,,20450.0,20700,21300,21500,2023-12-14 00:00:00,3,Monday,"[0.8, 0.8]","[3.5, 3.5]","[3.1, 3.1]","[1.7, 1.7]",0,,,0,,,Exit,Target hit,Target hit,Exit,-16.4
2023-12-12,12.75,1,Short,09:30:00,09:30:00,09:30:00,09:30:00,21034.2,20600.0,20800,21300,21450,2023-12-14 00:00:00,2,Tuesday,5.35,16.1,13.55,4.65,0,32.2,27.1,0,3.2200000000000006,2.7100000000000004,,,,,78.60000000000001
2023-12-12,,0,Long,2023-12-12 14:43:00,2023-12-12 14:43:00,2023-12-13 09:33:00,2023-12-13 09:33:00,,20600.0,20800,21300,21450,2023-12-14 00:00:00,2,Tuesday,"[9.2, 0.1]","[36.65, 0.1]","[2.65, 2.65]","[1.6, 1.6]",0,,,0,,,Exit,SL hit,Target hit,Exit,-31.65
2023-12-13,12.67,1,Short,09:30:00,09:30:00,09:30:00,09:30:00,20914.75,20600.0,20750,21050,21150,2023-12-14 00:00:00,1,Wednesday,3.95,12.8,32.55,11.6,0,25.6,65.1,0,2.5600000000000005,6.51,,,,,119.19999999999996
2023-12-13,,0,Long,2023-12-13 10:00:00,2023-12-13 10:00:00,2023-12-13 12:19:00,2023-12-13 12:19:00,,20600.0,20750,21050,21150,2023-12-14 00:00:00,1,Wednesday,"[6.4, 0.1]","[26.55, 0.1]","[6.45, 6.45]","[3.35, 3.35]",0,,,0,,,Exit,SL hit,Target hit,Exit,-32.55
2023-12-14,12.21,1,Short,09:30:00,09:30:00,09:30:00,09:30:00,21130.5,21050.0,21150,21150,21200,2023-12-14 00:00:00,0,Thursday,10.85,48.9,23.05,9.6,0,97.8,46.1,0,9.78,4.61,,,,,206.0
2023-12-14,,0,Long,2023-12-14 13:00:00,2023-12-14 13:00:00,2023-12-14 09:58:00,2023-12-14 09:58:00,,21050.0,21150,21150,21200,2023-12-14 00:00:00,0,Thursday,"[1.2, 1.2]","[9.6, 9.6]","[47.6, 17.0]","[22.8, 1.0]",0,,,0,,,Exit,Target hit,SL hit,Exit,-106.4
2023-12-15,12.21,1,Short,09:30:00,09:30:00,09:30:00,09:30:00,21254.5,20350.0,20850,21650,21850,2023-12-21 00:00:00,6,Friday,3.85,12.0,20.95,7.55,0,24.0,41.9,0,2.4000000000000004,4.19,,,,,86.20000000000002
2023-12-15,,0,Long,2023-12-20 09:15:00,2023-12-20 09:15:00,2023-12-15 14:59:00,2023-12-15 14:59:00,,20350.0,20850,21650,21850,2023-12-21 00:00:00,6,Friday,"[1.45, 1.45]","[1.95, 1.95]","[42.0, 0.25]","[12.0, 0.15]",0,,,0,,,Exit,Target hit,SL hit,Exit,-32.300000000000004
2023-12-18,14.06,1,Short,09:30:00,09:30:00,09:30:00,09:30:00,21462.15,20750.0,21100,21800,22050,2023-12-21 00:00:00,3,Monday,7.45,22.3,21.45,6.75,0,44.6,42.9,0,4.46,4.29,,,,,118.2
2023-12-18,,0,Long,2023-12-20 09:16:00,2023-12-20 09:16:00,2023-12-20 13:29:00,2023-12-20 13:29:00,,20750.0,21100,21800,22050,2023-12-21 00:00:00,3,Monday,"[1.75, 1.75]","[3.85, 3.85]","[4.15, 4.15]","[2.4, 2.4]",0,,,0,,,Exit,Target hit,Target hit,Exit,-15.4
2023-12-19,13.87,1,Short,09:30:00,09:30:00,09:30:00,09:30:00,21436.6,21000.0,21200,21700,21900,2023-12-21 00:00:00,2,Tuesday,7.05,20.6,15.9,4.75,0,41.2,31.8,0,4.12,3.18,,,,,98.8
2023-12-19,,0,Long,2023-12-20 14:05:00,2023-12-20 14:05:00,2023-12-20 15:02:00,2023-12-20 15:02:00,,21000.0,21200,21700,21900,2023-12-21 00:00:00,2,Tuesday,"[15.8, 0.55]","[52.0, 2.3]","[3.05, 3.05]","[2.35, 2.35]",0,,,0,,,Exit,SL hit,Target hit,Exit,-44.25000000000001
2023-12-20,14.0,1,Short,09:30:00,09:30:00,09:30:00,09:30:00,21561.45,21050.0,21350,21750,21900,2023-12-21 00:00:00,1,Wednesday,3.75,11.4,13.3,4.0,0,22.8,26.6,0,2.28,2.66,,,,,67.80000000000001
2023-12-20,,0,Long,2023-12-20 13:20:00,2023-12-20 13:20:00,2023-12-20 15:04:00,2023-12-20 15:04:00,,21050.0,21350,21750,21900,2023-12-21 00:00:00,1,Wednesday,"[3.55, 0.65]","[24.15, 101.4]","[2.6, 2.6]","[2.2, 2.2]",0,,,0,,,Exit,SL hit,Target hit,Exit,-324.45000000000005
2023-12-21,14.92,1,Short,09:30:00,09:30:00,09:30:00,09:30:00,21026.95,20900.0,21050,21050,21150,2023-12-21 00:00:00,0,Thursday,28.5,87.1,45.0,16.0,0,174.2,90.0,0,17.419999999999998,9.0,,,,,350.4
2023-12-21,,0,Long,2023-12-21 10:19:00,2023-12-21 10:19:00,2023-12-21 10:10:00,2023-12-21 10:10:00,,20900.0,21050,21050,21150,2023-12-21 00:00:00,0,Thursday,"[4.75, 4.75]","[16.25, 16.25]","[90.2, 200.0]","[35.25, 100.5]",0,,,0,,,Exit,Target hit,SL hit,Exit,-399.4500000000001
2023-12-22,13.66,1,Short,09:30:00,09:30:00,09:30:00,09:30:00,21256.25,20400.0,20800,21700,21950,2023-12-28 00:00:00,6,Friday,6.3,19.9,18.05,5.65,0,39.8,36.1,0,3.98,3.61,,,,,104.0
2023-12-22,,0,Long,2023-12-27 09:15:00,2023-12-27 09:15:00,2023-12-22 10:31:00,2023-12-22 10:31:00,,20400.0,20800,21700,21950,2023-12-28 00:00:00,6,Friday,"[1.8, 1.8]","[2.8, 2.8]","[36.75, 64.35]","[9.1, 0.2]",0,,,0,,,Exit,Target hit,SL hit,Exit,-224.1
2023-12-26,14.58,1,Short,09:30:00,09:30:00,09:30:00,09:30:00,21335.25,20750.0,21050,21650,21850,2023-12-28 00:00:00,2,Tuesday,8.25,26.0,19.1,5.95,0,52.0,38.2,0,5.2,3.82,,,,,123.6
2023-12-26,,0,Long,2023-12-27 09:16:00,2023-12-27 09:16:00,2023-12-26 10:40:00,2023-12-26 10:40:00,,20750.0,21050,21650,21850,2023-12-28 00:00:00,2,Tuesday,"[2.4, 2.4]","[4.95, 4.95]","[45.0, 113.8]","[9.8, 0.8]",0,,,0,,,Exit,Target hit,SL hit,Exit,-384.4
2023-12-27,14.88,1,Short,09:30:00,09:30:00,09:30:00,09:30:00,21536.85,21150.0,21350,21750,21850,2023-12-28 00:00:00,1,Wednesday,7.65,21.9,13.85,4.9,0,43.8,27.7,0,4.38,2.77,,,,,92.8
2023-12-27,,0,Long,2023-12-28 09:15:00,2023-12-28 09:15:00,2023-12-27 15:07:00,2023-12-27 15:07:00,,21150.0,21350,21750,21850,2023-12-28 00:00:00,1,Wednesday,"[2.15, 2.15]","[3.0, 3.0]","[34.3, 17.55]","[9.55, 0.8]",0,,,0,,,Exit,Target hit,SL hit,Exit,-78.4
2023-12-28,15.98,1,Short,09:30:00,09:30:00,09:30:00,09:30:00,21734.35,21650.0,21750,21750,21850,2023-12-28 00:00:00,0,Thursday,22.75,56.95,57.4,20.05,0,113.9,114.8,0,11.39,11.48,,,,,286.2
2023-12-28,,0,Long,2023-12-28 14:04:00,2023-12-28 14:04:00,2023-12-28 14:48:00,2023-12-28 14:48:00,,21650.0,21750,21750,21850,2023-12-28 00:00:00,0,Thursday,"[2.7, 2.7]","[10.1, 10.1]","[10.35, 10.35]","[0.65, 0.65]",0,,,0,,,Exit,Target hit,Target hit,Exit,-68.39999999999999
2023-12-29,15.29,1,Short,09:30:00,09:30:00,09:30:00,09:30:00,21732.7,20900.0,21250,22250,22500,2024-01-04 00:00:00,6,Friday,6.8,22.05,21.0,6.45,0,44.1,42.0,0,4.41,4.2,,,,,119.2
2023-12-29,,0,Long,2024-01-03 11:50:00,2024-01-03 11:50:00,2024-01-02 09:57:00,2024-01-02 09:57:00,,20900.0,21250,22250,22500,2024-01-04 00:00:00,6,Friday,"[1.35, 1.35]","[4.4, 4.4]","[4.2, 4.2]","[2.2, 2.2]",0,,,0,,,Exit,Target hit,Target hit,Exit,-20.200000000000003
2024-01-01,14.64,1,Short,09:30:00,09:30:00,09:30:00,09:30:00,21698.8,21100.0,21350,22050,22250,2024-01-04 00:00:00,3,Monday,5.95,19.8,21.2,6.9,0,39.6,42.4,0,3.96,4.24,,,,,112.6
2024-01-01,,0,Long,2024-01-04 09:16:00,2024-01-04 09:16:00,2024-01-01 14:44:00,2024-01-01 14:44:00,,21100.0,21350,22050,22250,2024-01-04 00:00:00,3,Monday,"[0.6, 0.6]","[2.45, 2.45]","[45.4, 0.1]","[10.9, 0.05]",0,,,0,,,Exit,Target hit,SL hit,Exit,-42.05
2024-01-02,14.58,1,Short,09:30:00,09:30:00,09:30:00,09:30:00,21730.7,21250.0,21450,22050,22250,2024-01-04 00:00:00,2,Tuesday,5.7,17.4,14.65,4.75,0,34.8,29.3,0,3.48,2.93,,,,,86.39999999999999
2024-01-02,,0,Long,2024-01-02 10:27:00,2024-01-02 10:27:00,2024-01-03 10:59:00,2024-01-03 10:59:00,,21250.0,21450,22050,22250,2024-01-04 00:00:00,2,Tuesday,"[11.05, 0.1]","[35.65, 0.1]","[2.85, 2.85]","[2.15, 2.15]",0,,,0,,,Exit,SL hit,Target hit,Exit,-27.399999999999995
2024-01-03,14.71,1,Short,09:30:00,09:30:00,09:30:00,09:30:00,21624.1,21200.0,21400,21800,21950,2024-01-04 00:00:00,1,Wednesday,5.6,19.45,19.25,6.5,0,38.9,38.5,0,3.89,3.85,,,,,106.4
2024-01-03,,0,Long,2024-01-04 09:19:00,2024-01-04 09:19:00,2024-01-03 15:02:00,2024-01-03 15:02:00,,21200.0,21400,21800,21950,2024-01-04 00:00:00,1,Wednesday,"[0.75, 0.75]","[3.45, 3.45]","[3.75, 3.75]","[1.5, 1.5]",0,,,0,,,Exit,Target hit,Target hit,Exit,-19.8
2024-01-04,13.94,1,Short,09:30:00,09:30:00,09:30:00,09:30:00,21618.6,21500.0,21600,21600,21700,2024-01-04 00:00:00,0,Thursday,7.85,33.5,39.9,8.05,0,67.0,79.8,0,6.7,7.98,,,,,230.00000000000003
2024-01-04,,0,Long,2024-01-04 11:42:00,2024-01-04 11:42:00,2024-01-04 15:00:00,2024-01-04 15:00:00,,21500.0,21600,21600,21700,2024-01-04 00:00:00,0,Thursday,"[1.7, 1.7]","[6.4, 6.4]","[48.6, 48.6]","[0.4, 0.4]",0,,,0,,,Exit,Target hit,Universal exit,Exit,-211.6
2024-01-05,13.2,1,Short,09:30:00,09:30:00,09:30:00,09:30:00,21726.05,21000.0,21300,22200,22450,2024-01-11 00:00:00,6,Friday,4.3,13.3,9.0,2.85,0,26.6,18.0,0,2.66,1.8,,,,,60.6
2024-01-05,,0,Long,2024-01-05 14:22:00,2024-01-05 14:22:00,2024-01-09 10:26:00,2024-01-09 10:26:00,,21000.0,21300,22200,22450,2024-01-11 00:00:00,6,Friday,"[6.45, 0.1]","[26.7, 0.15]","[1.8, 1.8]","[1.05, 1.05]",0,,,0,,,Exit,SL hit,Target hit,Exit,-23.4
2024-01-08,13.1,1,Short,09:30:00,09:30:00,09:30:00,09:30:00,21723.8,21150.0,21400,22000,22150,2024-01-11 00:00:00,3,Monday,5.45,17.1,17.9,6.0,0,34.2,35.8,0,3.4200000000000004,3.58,,,,,94.2
2024-01-08,,0,Long,2024-01-08 11:08:00,2024-01-08 11:08:00,2024-01-09 15:11:00,2024-01-09 15:11:00,,21150.0,21400,22000,22150,2024-01-11 00:00:00,3,Monday,"[9.1, 0.1]","[35.9, 0.2]","[3.5, 3.5]","[1.95, 1.95]",0,,,0,,,Exit,SL hit,Target hit,Exit,-33.3
2024-01-09,12.93,1,Short,09:30:00,09:30:00,09:30:00,09:30:00,21664.55,21200.0,21400,21900,22050,2024-01-11 00:00:00,2,Tuesday,4.05,12.9,17.4,5.0,0,25.8,34.8,0,2.58,3.48,,,,,84.99999999999999
2024-01-09,,0,Long,2024-01-09 14:28:00,2024-01-09 14:28:00,2024-01-10 12:22:00,2024-01-10 12:22:00,,21200.0,21400,21900,22050,2024-01-11 00:00:00,2,Tuesday,"[6.9, 0.15]","[28.65, 0.2]","[3.45, 3.45]","[2.0, 2.0]",0,,,0,,,Exit,SL hit,Target hit,Exit,-27.700000000000003
2024-01-10,13.6,1,Short,09:30:00,09:30:00,09:30:00,09:30:00,21475.45,21150.0,21300,21700,21850,2024-01-11 00:00:00,1,Wednesday,10.45,29.45,15.2,5.55,0,58.9,30.4,0,5.890000000000001,3.04,,,,,114.6
2024-01-10,,0,Long,2024-01-10 14:52:00,2024-01-10 14:52:00,2024-01-10 09:45:00,2024-01-10 09:45:00,,21150.0,21300,21700,21850,2024-01-11 00:00:00,1,Wednesday,"[2.2, 2.2]","[5.8, 5.8]","[30.85, 0.9]","[9.05, 0.15]",0,,,0,,,Exit,Target hit,SL hit,Exit,-38.45
2024-01-11,12.96,1,Short,09:30:00,09:30:00,09:30:00,09:30:00,21703.65,21600.0,21700,21700,21800,2024-01-11 00:00:00,0,Thursday,10.2,35.35,38.7,8.5,0,70.7,77.4,0,7.07,7.740000000000001,,,,,221.40000000000003
2024-01-11,,0,Long,2024-01-11 10:55:00,2024-01-11 10:55:00,2024-01-11 12:15:00,2024-01-11 12:15:00,,21600.0,21700,21700,21800,2024-01-11 00:00:00,0,Thursday,"[13.3, 1.1]","[72.4, 50.25]","[7.55, 7.55]","[1.6, 1.6]",0,,,0,,,Exit,SL hit,Target hit,Exit,-230.35
2024-01-12,12.48,1,Short,09:30:00,09:30:00,09:30:00,09:30:00,21731.4,21050.0,21350,22150,22300,2024-01-18 00:00:00,6,Friday,7.85,23.55,13.2,4.45,0,47.1,26.4,0,4.71,2.64,,,,,97.8
2024-01-12,,0,Long,2024-01-16 14:43:00,2024-01-16 14:43:00,2024-01-12 10:27:00,2024-01-12 10:27:00,,21050.0,21350,22150,22300,2024-01-18 00:00:00,6,Friday,"[2.85, 2.85]","[4.65, 4.65]","[29.75, 0.1]","[10.95, 0.1]",0,,,0,,,Exit,Target hit,SL hit,Exit,-26.000000000000007
2024-01-15,13.6,1,Short,09:30:00,09:30:00,09:30:00,09:30:00,22070.1,21450.0,21750,22350,22550,2024-01-18 00:00:00,3,Monday,11.25,32.85,26.3,8.3,0,65.7,52.6,0,6.57,5.260000000000001,,,,,158.40000000000003
2024-01-15,,0,Long,2024-01-17 09:15:00,2024-01-17 09:15:00,2024-01-17 09:16:00,2024-01-17 09:16:00,,21450.0,21750,22350,22550,2024-01-18 00:00:00,3,Monday,"[23.1, 4.85]","[80.05, 296.8]","[3.5, 3.5]","[1.95, 1.95]",0,,,0,,,Exit,SL hit,Target hit,Exit,-939.0
2024-01-16,13.94,1,Short,09:30:00,09:30:00,09:30:00,09:30:00,22060.8,21500.0,21800,22300,22450,2024-01-18 00:00:00,2,Tuesday,10.0,32.9,19.9,6.55,0,65.8,39.8,0,6.58,3.98,,,,,145.0
2024-01-16,,0,Long,2024-01-17 09:15:00,2024-01-17 09:15:00,2024-01-17 09:55:00,2024-01-17 09:55:00,,21500.0,21800,22300,22450,2024-01-18 00:00:00,2,Tuesday,"[28.8, 48.1]","[115.2, 348.3]","[3.95, 3.95]","[2.95, 2.95]",0,,,0,,,Exit,SL hit,Target hit,Exit,-991.0
2024-01-17,13.84,1,Short,09:30:00,09:30:00,09:30:00,09:30:00,21770.9,21300.0,21550,21950,22100,2024-01-18 00:00:00,1,Wednesday,7.75,25.95,30.35,10.4,0,51.9,60.7,0,5.19,6.07,,,,,152.6
2024-01-17,,0,Long,2024-01-17 12:05:00,2024-01-17 12:05:00,2024-01-17 15:05:00,2024-01-17 15:05:00,,21300.0,21550,21950,22100,2024-01-18 00:00:00,1,Wednesday,"[9.9, 0.25]","[52.0, 97.7]","[6.0, 6.0]","[3.6, 3.6]",0,,,0,,,Exit,SL hit,Target hit,Exit,-344.05
2024-01-18,15.16,1,Short,09:30:00,09:30:00,09:30:00,09:30:00,21438.3,21300.0,21450,21450,21550,2024-01-18 00:00:00,0,Thursday,18.1,69.15,39.1,12.25,0,138.3,78.2,0,13.830000000000002,7.82,,,,,311.6
2024-01-18,,0,Long,2024-01-18 09:53:00,2024-01-18 09:53:00,2024-01-18 12:24:00,2024-01-18 12:24:00,,21300.0,21450,21450,21550,2024-01-18 00:00:00,0,Thursday,"[55.75, 0.25]","[149.5, 4.85]","[79.9, 7.2]","[23.5, 0.45]",0,,,0,,,Exit,SL hit,SL hit,Exit,-184.2
2024-01-19,13.78,1,Short,09:30:00,09:30:00,09:30:00,09:30:00,21655.75,20800.0,21200,22100,22350,2024-01-25 00:00:00,6,Friday,9.6,28.5,30.35,9.95,0,57.0,60.7,0,5.7,6.07,,,,,157.20000000000002
2024-01-19,,0,Long,2024-01-23 12:06:00,2024-01-23 12:06:00,2024-01-23 10:39:00,2024-01-23 10:39:00,,20800.0,21200,22100,22350,2024-01-25 00:00:00,6,Friday,"[9.25, 0.15]","[58.35, 0.55]","[5.95, 5.95]","[2.25, 2.25]",0,,,0,,,Exit,SL hit,Target hit,Exit,-65.10000000000001
2024-01-23,13.41,1,Short,09:30:00,09:30:00,09:30:00,09:30:00,21714.2,21200.0,21450,21950,22100,2024-01-25 00:00:00,2,Tuesday,8.1,23.5,32.4,11.0,0,47.0,64.8,0,4.7,6.48,,,,,147.2
2024-01-23,,0,Long,2024-01-23 10:25:00,2024-01-23 10:25:00,2024-01-23 14:37:00,2024-01-23 14:37:00,,21200.0,21450,21950,22100,2024-01-25 00:00:00,2,Tuesday,"[15.45, 0.55]","[50.4, 179.6]","[6.35, 6.35]","[4.85, 4.85]",0,,,0,,,Exit,SL hit,Target hit,Exit,-578.0999999999999
2024-01-24,15.22,1,Short,09:30:00,09:30:00,09:30:00,09:30:00,21244.2,20850.0,21050,21450,21650,2024-01-25 00:00:00,1,Wednesday,16.5,45.0,45.85,15.0,0,90.0,91.7,0,9.0,9.17,,,,,237.4
2024-01-24,,0,Long,2024-01-24 14:42:00,2024-01-24 14:42:00,2024-01-24 09:59:00,2024-01-24 09:59:00,,20850.0,21050,21450,21650,2024-01-25 00:00:00,1,Wednesday,"[3.5, 3.5]","[8.9, 8.9]","[96.25, 0.4]","[34.55, 0.25]",0,,,0,,,Exit,Target hit,SL hit,Exit,-83.75000000000001
2024-01-25,14.55,1,Short,09:30:00,09:30:00,09:30:00,09:30:00,21438.5,21300.0,21450,21450,21550,2024-01-25 00:00:00,0,Thursday,23.0,66.85,60.15,24.35,0,133.7,120.3,0,13.37,12.03,,,,,318.6
2024-01-25,,0,Long,2024-01-25 10:18:00,2024-01-25 10:18:00,2024-01-25 10:37:00,2024-01-25 10:37:00,,21300.0,21450,21450,21550,2024-01-25 00:00:00,0,Thursday,"[48.6, 31.7]","[135.4, 179.6]","[11.75, 11.75]","[4.4, 4.4]",0,,,0,,,Exit,SL hit,Target hit,Exit,-559.8999999999999
2024-01-29,15.17,1,Short,09:30:00,09:30:00,09:30:00,09:30:00,21546.3,20800.0,21200,21900,22150,2024-02-01 00:00:00,3,Monday,17.0,54.1,78.9,27.5,0,108.2,157.8,0,10.82,15.78,,,,,354.0
2024-01-29,,0,Long,2024-01-31 13:33:00,2024-01-31 13:33:00,2024-02-01 12:02:00,2024-02-01 12:02:00,,20800.0,21200,21900,22150,2024-02-01 00:00:00,3,Monday,"[3.45, 3.45]","[10.6, 10.6]","[12.85, 12.85]","[3.7, 3.7]",0,,,0,,,Exit,Target hit,Target hit,Exit,-65.19999999999999
2024-01-30,16.5,1,Short,09:30:00,09:30:00,09:30:00,09:30:00,21704.5,21050.0,21400,22000,22250,2024-02-01 00:00:00,2,Tuesday,23.7,70.25,75.55,25.0,0,140.5,151.1,0,14.05,15.11,,,,,388.4
2024-01-30,,0,Long,2024-02-01 09:51:00,2024-02-01 09:51:00,2024-01-31 09:16:00,2024-01-31 09:16:00,,21050.0,21400,22000,22250,2024-02-01 00:00:00,2,Tuesday,"[4.7, 4.7]","[13.85, 13.85]","[14.5, 14.5]","[4.5, 4.5]",0,,,0,,,Exit,Target hit,Target hit,Exit,-76.6
2024-01-31,16.36,1,Short,09:30:00,09:30:00,09:30:00,09:30:00,21522.0,21000.0,21300,21700,21950,2024-02-01 00:00:00,1,Wednesday,18.8,61.95,89.7,26.8,0,123.9,179.4,0,12.39,17.94,,,,,424.2000000000001
2024-01-31,,0,Long,2024-02-01 09:46:00,2024-02-01 09:46:00,2024-02-01 14:42:00,2024-02-01 14:42:00,,21000.0,21300,21700,21950,2024-02-01 00:00:00,1,Wednesday,"[4.6, 4.6]","[11.5, 11.5]","[17.55, 17.55]","[0.5, 0.5]",0,,,0,,,Exit,Target hit,Target hit,Exit,-95.8
2023-06-01,11.81,1,Short,09:30:00,09:30:00,09:30:00,09:30:00,18518.75,18450.0,18500,18500,18600,2023-06-01 00:00:00,0,Thursday,12.0,26.1,46.4,9.5,0,52.2,92.8,0,5.220000000000001,9.28,,,,,204.0
2023-06-01,,0,Long,2023-06-01 11:53:00,2023-06-01 11:53:00,2023-06-01 15:00:00,2023-06-01 15:00:00,,18450.0,18500,18500,18600,2023-06-01 00:00:00,0,Thursday,"[1.95, 1.95]","[5.1, 5.1]","[32.7, 32.7]","[0.75, 0.75]",0,,,0,,,Exit,Target hit,Universal exit,Exit,-140.4
2023-06-02,11.41,1,Short,09:30:00,09:30:00,09:30:00,09:30:00,18551.65,18000.0,18250,18850,19000,2023-06-08 00:00:00,6,Friday,3.9,12.75,12.55,4.55,0,25.5,25.1,0,2.5500000000000003,2.51,,,,,67.4
2023-06-02,,0,Long,2023-06-06 14:57:00,2023-06-06 14:57:00,2023-06-06 14:47:00,2023-06-06 14:47:00,,18000.0,18250,18850,19000,2023-06-08 00:00:00,6,Friday,"[1.5, 1.5]","[2.5, 2.5]","[2.5, 2.5]","[1.75, 1.75]",0,,,0,,,Exit,Target hit,Target hit,Exit,-7.0
2023-06-05,11.22,1,Short,09:30:00,09:30:00,09:30:00,09:30:00,18612.65,18150.0,18350,18850,19000,2023-06-08 00:00:00,3,Monday,3.35,10.0,10.55,3.1,0,20.0,21.1,0,2.0,2.1100000000000003,,,,,56.400000000000006
2023-06-05,,0,Long,2023-06-08 09:15:00,2023-06-08 09:15:00,2023-06-06 15:08:00,2023-06-06 15:08:00,,18150.0,18350,18850,19000,2023-06-08 00:00:00,3,Monday,"[1.2, 1.2]","[1.2, 1.2]","[2.1, 2.1]","[1.3, 1.3]",0,,,0,,,Exit,Target hit,Target hit,Exit,-3.1999999999999997
2023-06-06,11.22,1,Short,09:30:00,09:30:00,09:30:00,09:30:00,18602.8,18200.0,18400,18800,18900,2023-06-08 00:00:00,2,Tuesday,3.45,10.95,8.7,3.0,0,21.9,17.4,0,2.19,1.74,,,,,52.8
2023-06-06,,0,Long,2023-06-08 09:15:00,2023-06-08 09:15:00,2023-06-08 13:39:00,2023-06-08 13:39:00,,18200.0,18400,18800,18900,2023-06-08 00:00:00,2,Tuesday,"[1.4, 1.4]","[1.4, 1.4]","[1.7, 1.7]","[0.85, 0.85]",0,,,0,,,Exit,Target hit,Target hit,Exit,-3.3999999999999986
2023-06-07,11.07,1,Short,09:30:00,09:30:00,09:30:00,09:30:00,18652.3,18350.0,18500,18800,18900,2023-06-08 00:00:00,1,Wednesday,2.55,8.1,5.2,1.3,0,16.2,10.4,0,1.62,1.04,,,,,37.8
2023-06-07,,0,Long,2023-06-08 10:30:00,2023-06-08 10:30:00,2023-06-07 14:21:00,2023-06-07 14:21:00,,18350.0,18500,18800,18900,2023-06-08 00:00:00,1,Wednesday,"[1.25, 1.25]","[1.6, 1.6]","[11.85, 0.25]","[2.05, 0.2]",0,,,0,,,Exit,Target hit,SL hit,Exit,-11.35
2023-06-08,11.3,1,Short,09:30:00,09:30:00,09:30:00,09:30:00,18746.1,18650.0,18750,18750,18800,2023-06-08 00:00:00,0,Thursday,8.35,35.05,32.95,13.05,0,70.1,65.9,0,7.01,6.590000000000001,,,,,186.4
2023-06-08,,0,Long,2023-06-08 12:03:00,2023-06-08 12:03:00,2023-06-08 12:35:00,2023-06-08 12:35:00,,18650.0,18750,18750,18800,2023-06-08 00:00:00,0,Thursday,"[13.7, 15.85]","[70.15, 109.3]","[5.6, 5.6]","[2.2, 2.2]",0,,,0,,,Exit,SL hit,Target hit,Exit,-350.4
2023-06-09,11.11,1,Short,09:30:00,09:30:00,09:30:00,09:30:00,18649.75,18050.0,18350,18950,19100,2023-06-15 00:00:00,6,Friday,3.8,12.15,9.1,3.25,0,24.3,18.2,0,2.43,1.82,,,,,56.8
2023-06-09,,0,Long,2023-06-14 09:16:00,2023-06-14 09:16:00,2023-06-14 11:15:00,2023-06-14 11:15:00,,18050.0,18350,18950,19100,2023-06-15 00:00:00,6,Friday,"[1.7, 1.7]","[2.25, 2.25]","[1.8, 1.8]","[1.25, 1.25]",0,,,0,,,Exit,Target hit,Target hit,Exit,-4.399999999999999
2023-06-12,11.46,1,Short,09:30:00,09:30:00,09:30:00,09:30:00,18596.0,18150.0,18350,18850,19000,2023-06-15 00:00:00,3,Monday,3.65,11.45,10.75,3.55,0,22.9,21.5,0,2.29,2.15,,,,,60.0
2023-06-12,,0,Long,2023-06-14 09:16:00,2023-06-14 09:16:00,2023-06-15 11:32:00,2023-06-15 11:32:00,,18150.0,18350,18850,19000,2023-06-15 00:00:00,3,Monday,"[1.8, 1.8]","[2.25, 2.25]","[2.05, 2.05]","[0.95, 0.95]",0,,,0,,,Exit,Target hit,Target hit,Exit,-6.199999999999999
2023-06-13,11.11,1,Short,09:30:00,09:30:00,09:30:00,09:30:00,18680.35,18300.0,18500,18900,19300,2023-06-15 00:00:00,2,Tuesday,4.0,12.3,5.55,1.85,0,24.6,11.1,0,2.4600000000000004,1.11,,,,,48.00000000000001
2023-06-13,,0,Long,2023-06-15 09:16:00,2023-06-15 09:16:00,2023-06-15 09:41:00,2023-06-15 09:41:00,,18300.0,18500,18900,19300,2023-06-15 00:00:00,2,Tuesday,"[1.05, 1.05]","[1.85, 1.85]","[1.1, 1.1]","[0.6, 0.6]",0,,,0,,,Exit,Target hit,Target hit,Exit,-5.2
2023-06-14,11.15,1,Short,09:30:00,09:30:00,09:30:00,09:30:00,18718.4,18400.0,18550,18850,18900,2023-06-15 00:00:00,1,Wednesday,2.75,7.8,9.0,3.75,0,15.6,18.0,0,1.56,1.8,,,,,41.2
2023-06-14,,0,Long,2023-06-15 09:43:00,2023-06-15 09:43:00,2023-06-15 12:36:00,2023-06-15 12:36:00,,18400.0,18550,18850,18900,2023-06-15 00:00:00,1,Wednesday,"[1.15, 1.15]","[1.5, 1.5]","[1.8, 1.8]","[1.35, 1.35]",0,,,0,,,Exit,Target hit,Target hit,Exit,-3.1999999999999997
2023-06-15,10.92,1,Short,09:30:00,09:30:00,09:30:00,09:30:00,18748.75,18650.0,18750,18750,18800,2023-06-15 00:00:00,0,Thursday,6.9,34.75,27.15,9.8,0,69.5,54.3,0,6.95,5.43,,,,,180.8
2023-06-15,,0,Long,2023-06-15 14:38:00,2023-06-15 14:38:00,2023-06-15 10:21:00,2023-06-15 10:21:00,,18650.0,18750,18750,18800,2023-06-15 00:00:00,0,Thursday,"[6.05, 3.1]","[69.55, 74.0]","[54.9, 0.5]","[23.1, 0.45]",0,,,0,,,Exit,SL hit,SL hit,Exit,-308.15
2023-06-16,10.68,1,Short,09:30:00,09:30:00,09:30:00,09:30:00,18751.85,18050.0,18450,19050,19250,2023-06-22 00:00:00,6,Friday,3.4,10.6,7.45,2.45,0,21.2,14.9,0,2.12,1.4900000000000002,,,,,48.8
2023-06-16,,0,Long,2023-06-21 14:42:00,2023-06-21 14:42:00,2023-06-16 14:40:00,2023-06-16 14:40:00,,18050.0,18450,19050,19250,2023-06-22 00:00:00,6,Friday,"[1.35, 1.35]","[2.05, 2.05]","[15.9, 0.15]","[2.55, 0.15]",0,,,0,,,Exit,Target hit,SL hit,Exit,-16.15
2023-06-19,11.29,1,Short,09:30:00,09:30:00,09:30:00,09:30:00,18855.0,18350.0,18600,19100,19300,2023-06-22 00:00:00,3,Monday,4.1,12.6,6.75,2.2,0,25.2,13.5,0,2.52,1.35,,,,,52.2
2023-06-19,,0,Long,2023-06-20 09:27:00,2023-06-20 09:27:00,2023-06-21 14:58:00,2023-06-21 14:58:00,,18350.0,18600,19100,19300,2023-06-22 00:00:00,3,Monday,"[3.7, 0.15]","[26.0, 0.15]","[1.3, 1.3]","[0.7, 0.7]",0,,,0,,,Exit,SL hit,Target hit,Exit,-24.7
2023-06-20,11.41,1,Short,09:30:00,09:30:00,09:30:00,09:30:00,18678.1,18350.0,18500,18900,19100,2023-06-22 00:00:00,2,Tuesday,3.7,10.7,10.5,3.5,0,21.4,21.0,0,2.14,2.1,,,,,56.0
2023-06-20,,0,Long,2023-06-21 15:07:00,2023-06-21 15:07:00,2023-06-20 15:09:00,2023-06-20 15:09:00,,18350.0,18500,18900,19100,2023-06-22 00:00:00,2,Tuesday,"[1.6, 1.6]","[2.1, 2.1]","[21.95, 0.4]","[2.05, 0.1]",0,,,0,,,Exit,Target hit,SL hit,Exit,-22.8
2023-06-21,11.2,1,Short,09:30:00,09:30:00,09:30:00,09:30:00,18855.85,18550.0,18700,19000,19100,2023-06-22 00:00:00,1,Wednesday,3.95,11.25,8.65,2.5,0,22.5,17.3,0,2.25,1.7300000000000002,,,,,53.8
2023-06-21,,0,Long,2023-06-22 12:36:00,2023-06-22 12:36:00,2023-06-22 12:11:00,2023-06-22 12:11:00,,18550.0,18700,19000,19100,2023-06-22 00:00:00,1,Wednesday,"[0.85, 0.85]","[2.2, 2.2]","[1.65, 1.65]","[1.35, 1.35]",0,,,0,,,Exit,Target hit,Target hit,Exit,-6.600000000000001
2023-06-22,11.38,1,Short,09:30:00,09:30:00,09:30:00,09:30:00,18874.2,18750.0,18850,18850,18900,2023-06-22 00:00:00,0,Thursday,6.1,27.6,45.0,21.2,0,55.2,90.0,0,5.5200000000000005,9.0,,,,,181.2
2023-06-22,,0,Long,2023-06-22 12:11:00,2023-06-22 12:11:00,2023-06-22 12:55:00,2023-06-22 12:55:00,,18750.0,18850,18850,18900,2023-06-22 00:00:00,0,Thursday,"[9.4, 3.8]","[56.0, 68.0]","[8.35, 8.35]","[3.3, 3.3]",0,,,0,,,Exit,SL hit,Target hit,Exit,-259.4
2023-06-23,11.71,1,Short,09:30:00,09:30:00,09:30:00,09:30:00,18677.45,17950.0,18350,19050,19350,2023-06-29 00:00:00,6,Friday,3.15,9.9,7.35,2.4,0,19.8,14.7,0,1.98,1.47,,,,,46.8
2023-06-23,,0,Long,2023-06-27 11:58:00,2023-06-27 11:58:00,2023-06-27 11:49:00,2023-06-27 11:49:00,,17950.0,18350,19050,19350,2023-06-29 00:00:00,6,Friday,"[1.25, 1.25]","[1.95, 1.95]","[1.4, 1.4]","[1.05, 1.05]",0,,,0,,,Exit,Target hit,Target hit,Exit,-4.199999999999999
2023-06-26,11.74,1,Short,09:30:00,09:30:00,09:30:00,09:30:00,18699.5,18250.0,18450,18950,19100,2023-06-29 00:00:00,3,Monday,3.5,10.2,9.0,3.0,0,20.4,18.0,0,2.04,1.8,,,,,50.8
2023-06-26,,0,Long,2023-06-27 15:25:00,2023-06-27 15:25:00,2023-06-27 14:43:00,2023-06-27 14:43:00,,18250.0,18450,18950,19100,2023-06-29 00:00:00,3,Monday,"[1.35, 1.35]","[2.0, 2.0]","[1.7, 1.7]","[0.65, 0.65]",0,,,0,,,Exit,Target hit,Target hit,Exit,-6.800000000000001
2023-06-27,11.39,1,Short,09:30:00,09:30:00,09:30:00,09:30:00,18741.6,18350.0,18550,18950,19150,2023-06-29 00:00:00,2,Tuesday,2.7,9.1,4.5,1.35,0,18.2,9.0,0,1.82,0.9,,,,,38.2
2023-06-27,,0,Long,2023-06-27 15:29:00,2023-06-27 15:29:00,2023-06-27 15:30:00,2023-06-27 15:30:00,,18350.0,18550,18950,19150,2023-06-29 00:00:00,2,Tuesday,"[1.5, 1.5]","[2.65, 2.65]","[3.2, 3.2]","[0.65, 0.65]",0,,,0,,,Exit,Universal exit,Universal exit,Exit,-14.8
2023-06-28,10.82,1,Short,09:30:00,09:30:00,09:30:00,09:30:00,18870.0,18800.0,18850,18850,18900,2023-06-28 00:00:00,0,Wednesday,12.2,26.95,43.15,20.3,0,53.9,86.3,0,5.390000000000001,8.63,,,,,150.39999999999998
2023-06-28,,0,Long,2023-06-28 12:50:00,2023-06-28 12:50:00,2023-06-28 10:51:00,2023-06-28 10:51:00,,18800.0,18850,18850,18900,2023-06-28 00:00:00,0,Wednesday,"[3.2, 3.2]","[5.35, 5.35]","[87.0, 136.2]","[49.6, 85.4]",0,,,0,,,Exit,Target hit,SL hit,Exit,-198.39999999999992
2023-06-30,10.99,1,Short,09:30:00,09:30:00,09:30:00,09:30:00,19086.7,18500.0,18800,19400,19550,2023-07-06 00:00:00,6,Friday,6.15,18.1,7.65,2.7,0,36.2,15.3,0,3.620000000000001,1.5300000000000002,,,,,67.6
2023-06-30,,0,Long,2023-07-05 09:15:00,2023-07-05 09:15:00,2023-07-03 09:16:00,2023-07-03 09:16:00,,18500.0,18800,19400,19550,2023-07-06 00:00:00,6,Friday,"[2.0, 2.0]","[3.2, 3.2]","[24.9, 93.6]","[5.8, 1.0]",0,,,0,,,Exit,Target hit,SL hit,Exit,-301.69999999999993
2023-07-03,11.48,1,Short,09:30:00,09:30:00,09:30:00,09:30:00,19284.2,18700.0,19050,19550,19750,2023-07-06 00:00:00,3,Monday,6.4,20.15,7.5,2.25,0,40.3,15.0,0,4.03,1.5,,,,,76.0
2023-07-03,,0,Long,2023-07-05 12:53:00,2023-07-05 12:53:00,2023-07-03 09:54:00,2023-07-03 09:54:00,,18700.0,19050,19550,19750,2023-07-06 00:00:00,3,Monday,"[2.25, 2.25]","[4.0, 4.0]","[15.1, 1.0]","[3.85, 0.1]",0,,,0,,,Exit,Target hit,SL hit,Exit,-20.950000000000003
2023-07-04,11.69,1,Short,09:30:00,09:30:00,09:30:00,09:30:00,19377.85,18750.0,19200,19600,19800,2023-07-06 00:00:00,2,Tuesday,7.8,23.55,8.8,2.6,0,47.1,17.6,0,4.71,1.7600000000000002,,,,,87.80000000000001
2023-07-04,,0,Long,2023-07-06 09:20:00,2023-07-06 09:20:00,2023-07-06 12:27:00,2023-07-06 12:27:00,,18750.0,19200,19600,19800,2023-07-06 00:00:00,2,Tuesday,"[1.4, 1.4]","[4.65, 4.65]","[1.65, 1.65]","[0.65, 0.65]",0,,,0,,,Exit,Target hit,Target hit,Exit,-17.000000000000004
2023-07-05,12.08,1,Short,09:30:00,09:30:00,09:30:00,09:30:00,19405.05,19050.0,19250,19550,19650,2023-07-06 00:00:00,1,Wednesday,6.65,20.1,12.6,4.45,0,40.2,25.2,0,4.0200000000000005,2.52,,,,,86.4
2023-07-05,,0,Long,2023-07-06 10:31:00,2023-07-06 10:31:00,2023-07-06 13:21:00,2023-07-06 13:21:00,,19050.0,19250,19550,19650,2023-07-06 00:00:00,1,Wednesday,"[2.1, 2.1]","[3.95, 3.95]","[2.5, 2.5]","[0.7, 0.7]",0,,,0,,,Exit,Target hit,Target hit,Exit,-14.6
2023-07-06,12.16,1,Short,09:30:00,09:30:00,09:30:00,09:30:00,19417.45,19300.0,19400,19400,19500,2023-07-06 00:00:00,0,Thursday,12.85,41.85,50.55,14.0,0,83.7,101.1,0,8.370000000000001,10.11,,,,,262.20000000000005
2023-07-06,,0,Long,2023-07-06 14:01:00,2023-07-06 14:01:00,2023-07-06 14:49:00,2023-07-06 14:49:00,,19300.0,19400,19400,19500,2023-07-06 00:00:00,0,Thursday,"[1.25, 1.25]","[7.9, 7.9]","[102.9, 93.6]","[18.4, 11.65]",0,,,0,,,Exit,Target hit,SL hit,Exit,-356.9499999999999
2023-07-07,11.77,1,Short,09:30:00,09:30:00,09:30:00,09:30:00,19485.9,18900.0,19150,19850,20050,2023-07-13 00:00:00,6,Friday,6.35,18.45,7.3,2.5,0,36.9,14.6,0,3.69,1.46,,,,,67.6
2023-07-07,,0,Long,2023-07-11 15:01:00,2023-07-11 15:01:00,2023-07-11 15:10:00,2023-07-11 15:10:00,,18900.0,19150,19850,20050,2023-07-13 00:00:00,6,Friday,"[2.0, 2.0]","[3.55, 3.55]","[1.45, 1.45]","[0.95, 0.95]",0,,,0,,,Exit,Target hit,Target hit,Exit,-8.2
2023-07-10,11.79,1,Short,09:30:00,09:30:00,09:30:00,09:30:00,19385.55,18950.0,19150,19650,19850,2023-07-13 00:00:00,3,Monday,5.3,16.05,12.95,4.4,0,32.1,25.9,0,3.2100000000000004,2.59,,,,,77.2
2023-07-10,,0,Long,2023-07-11 15:18:00,2023-07-11 15:18:00,2023-07-12 15:03:00,2023-07-12 15:03:00,,18950.0,19150,19650,19850,2023-07-13 00:00:00,3,Monday,"[1.75, 1.75]","[3.15, 3.15]","[2.55, 2.55]","[1.15, 1.15]",0,,,0,,,Exit,Target hit,Target hit,Exit,-11.199999999999998
2023-07-11,11.22,1,Short,09:30:00,09:30:00,09:30:00,09:30:00,19448.05,19050.0,19250,19650,19800,2023-07-13 00:00:00,2,Tuesday,4.15,12.55,9.8,3.35,0,25.1,19.6,0,2.51,1.96,,,,,59.400000000000006
2023-07-11,,0,Long,2023-07-13 09:16:00,2023-07-13 09:16:00,2023-07-13 09:27:00,2023-07-13 09:27:00,,19050.0,19250,19650,19800,2023-07-13 00:00:00,2,Tuesday,"[1.15, 1.15]","[2.2, 2.2]","[1.95, 1.95]","[1.15, 1.15]",0,,,0,,,Exit,Target hit,Target hit,Exit,-7.400000000000002
2023-07-12,11.1,1,Short,09:30:00,09:30:00,09:30:00,09:30:00,19463.85,19150.0,19300,19600,19700,2023-07-13 00:00:00,1,Wednesday,3.2,10.25,13.7,4.4,0,20.5,27.4,0,2.0500000000000003,2.74,,,,,65.39999999999999
2023-07-12,,0,Long,2023-07-13 11:16:00,2023-07-13 11:16:00,2023-07-13 13:59:00,2023-07-13 13:59:00,,19150.0,19300,19600,19700,2023-07-13 00:00:00,1,Wednesday,"[1.55, 1.55]","[2.0, 2.0]","[2.65, 2.65]","[0.95, 0.95]",0,,,0,,,Exit,Target hit,Target hit,Exit,-8.600000000000001
2023-07-13,10.77,1,Short,09:30:00,09:30:00,09:30:00,09:30:00,19488.15,19400.0,19500,19500,19550,2023-07-13 00:00:00,0,Thursday,10.5,41.85,31.95,13.75,0,83.7,63.9,0,8.370000000000001,6.390000000000001,,,,,198.2
2023-07-13,,0,Long,2023-07-13 14:46:00,2023-07-13 14:46:00,2023-07-13 10:08:00,2023-07-13 10:08:00,,19400.0,19500,19500,19550,2023-07-13 00:00:00,0,Thursday,"[9.65, 16.0]","[86.3, 108.2]","[66.6, 0.75]","[33.5, 0.5]",0,,,0,,,Exit,SL hit,SL hit,Exit,-387.1
2023-07-14,10.72,1,Short,09:30:00,09:30:00,09:30:00,09:30:00,19476.45,18900.0,19200,19800,20050,2023-07-20 00:00:00,6,Friday,4.9,14.05,9.75,3.0,0,28.1,19.5,0,2.8100000000000005,1.95,,,,,63.6
2023-07-14,,0,Long,2023-07-19 09:15:00,2023-07-19 09:15:00,2023-07-17 10:18:00,2023-07-17 10:18:00,,18900.0,19200,19800,20050,2023-07-20 00:00:00,6,Friday,"[1.65, 1.65]","[2.4, 2.4]","[21.1, 166.8]","[2.65, 0.65]",0,,,0,,,Exit,Target hit,SL hit,Exit,-519.9
2023-07-17,11.2,1,Short,09:30:00,09:30:00,09:30:00,09:30:00,19570.75,18950.0,19300,19800,19950,2023-07-20 00:00:00,3,Monday,5.0,15.3,13.6,3.85,0,30.6,27.2,0,3.0600000000000005,2.72,,,,,80.19999999999999
2023-07-17,,0,Long,2023-07-19 11:29:00,2023-07-19 11:29:00,2023-07-17 15:01:00,2023-07-17 15:01:00,,18950.0,19300,19800,19950,2023-07-20 00:00:00,3,Monday,"[1.5, 1.5]","[3.05, 3.05]","[28.7, 166.8]","[6.15, 22.65]",0,,,0,,,Exit,Target hit,SL hit,Exit,-461.19999999999993
2023-07-18,11.81,1,Short,09:30:00,09:30:00,09:30:00,09:30:00,19788.9,19300.0,19600,20000,20150,2023-07-20 00:00:00,2,Tuesday,10.35,31.45,13.0,4.55,0,62.9,26.0,0,6.29,2.6,,,,,118.20000000000002
2023-07-18,,0,Long,2023-07-19 15:06:00,2023-07-19 15:06:00,2023-07-20 10:06:00,2023-07-20 10:06:00,,19300.0,19600,20000,20150,2023-07-20 00:00:00,2,Tuesday,"[2.3, 2.3]","[5.95, 5.95]","[2.45, 2.45]","[1.1, 1.1]",0,,,0,,,Exit,Target hit,Target hit,Exit,-20.0
2023-07-19,11.76,1,Short,09:30:00,09:30:00,09:30:00,09:30:00,19821.65,19450.0,19650,19950,20050,2023-07-20 00:00:00,1,Wednesday,5.6,17.95,15.35,5.35,0,35.9,30.7,0,3.59,3.0700000000000003,,,,,89.39999999999999
2023-07-19,,0,Long,2023-07-20 11:58:00,2023-07-20 11:58:00,2023-07-20 14:27:00,2023-07-20 14:27:00,,19450.0,19650,19950,20050,2023-07-20 00:00:00,1,Wednesday,"[1.8, 1.8]","[3.45, 3.45]","[32.85, 22.65]","[1.65, 0.65]",0,,,0,,,Exit,Target hit,SL hit,Exit,-103.8
2023-07-20,11.67,1,Short,09:30:00,09:30:00,09:30:00,09:30:00,19813.5,19700.0,19800,19800,19900,2023-07-20 00:00:00,0,Thursday,11.45,37.2,53.7,14.7,0,74.4,107.4,0,7.440000000000001,10.740000000000002,,,,,259.0
2023-07-20,,0,Long,2023-07-20 13:19:00,2023-07-20 13:19:00,2023-07-20 13:17:00,2023-07-20 13:17:00,,19700.0,19800,19800,19900,2023-07-20 00:00:00,0,Thursday,"[3.15, 3.15]","[7.0, 7.0]","[112.85, 166.8]","[35.25, 66.7]",0,,,0,,,Exit,Target hit,SL hit,Exit,-393.3
2023-07-21,11.72,1,Short,09:30:00,09:30:00,09:30:00,09:30:00,19845.7,19100.0,19500,20200,20400,2023-07-27 00:00:00,6,Friday,7.65,23.45,16.6,5.25,0,46.9,33.2,0,4.69,3.3200000000000003,,,,,108.6
2023-07-21,,0,Long,2023-07-26 11:24:00,2023-07-26 11:24:00,2023-07-25 12:42:00,2023-07-25 12:42:00,,19100.0,19500,20200,20400,2023-07-27 00:00:00,6,Friday,"[1.45, 1.45]","[4.5, 4.5]","[3.3, 3.3]","[2.6, 2.6]",0,,,0,,,Exit,Target hit,Target hit,Exit,-15.0
2023-07-24,11.85,1,Short,09:30:00,09:30:00,09:30:00,09:30:00,19720.35,19200.0,19450,19950,20100,2023-07-27 00:00:00,3,Monday,6.45,20.65,28.5,10.6,0,41.3,57.0,0,4.13,5.7,,,,,128.39999999999998
2023-07-24,,0,Long,2023-07-26 09:43:00,2023-07-26 09:43:00,2023-07-25 15:30:00,2023-07-25 15:30:00,,19200.0,19450,19950,20100,2023-07-27 00:00:00,3,Monday,"[1.6, 1.6]","[4.1, 4.1]","[5.7, 5.7]","[2.25, 2.25]",0,,,0,,,Exit,Target hit,Target hit,Exit,-23.8
2023-07-25,10.6,1,Short,09:30:00,09:30:00,09:30:00,09:30:00,19676.8,19350.0,19500,19900,20050,2023-07-27 00:00:00,2,Tuesday,7.15,21.6,20.75,7.4,0,43.2,41.5,0,4.32,4.15,,,,,111.2
2023-07-25,,0,Long,2023-07-26 11:57:00,2023-07-26 11:57:00,2023-07-27 13:04:00,2023-07-27 13:04:00,,19350.0,19500,19900,20050,2023-07-27 00:00:00,2,Tuesday,"[2.3, 2.3]","[4.25, 4.25]","[4.1, 4.1]","[2.35, 2.35]",0,,,0,,,Exit,Target hit,Target hit,Exit,-14.8
2023-07-26,10.33,1,Short,09:30:00,09:30:00,09:30:00,09:30:00,19753.9,19450.0,19600,19900,20000,2023-07-27 00:00:00,1,Wednesday,4.25,15.95,15.75,5.4,0,31.9,31.5,0,3.19,3.1500000000000004,,,,,88.19999999999999
2023-07-26,,0,Long,2023-07-27 09:16:00,2023-07-27 09:16:00,2023-07-27 13:24:00,2023-07-27 13:24:00,,19450.0,19600,19900,20000,2023-07-27 00:00:00,1,Wednesday,"[1.2, 1.2]","[2.15, 2.15]","[2.85, 2.85]","[1.65, 1.65]",0,,,0,,,Exit,Target hit,Target hit,Exit,-8.600000000000001
2023-07-27,10.49,1,Short,09:30:00,09:30:00,09:30:00,09:30:00,19841.9,19750.0,19850,19850,19950,2023-07-27 00:00:00,0,Thursday,11.3,42.35,42.9,10.65,0,84.7,85.8,0,8.47,8.58,,,,,253.2
2023-07-27,,0,Long,2023-07-27 11:05:00,2023-07-27 11:05:00,2023-07-27 11:51:00,2023-07-27 11:51:00,,19750.0,19850,19850,19950,2023-07-27 00:00:00,0,Thursday,"[25.8, 146.55]","[85.1, 247.2]","[8.25, 8.25]","[3.2, 3.2]",0,,,0,,,Exit,SL hit,Target hit,Exit,-381.4499999999999
2023-07-28,10.61,1,Short,09:30:00,09:30:00,09:30:00,09:30:00,19610.0,19050.0,19300,19900,20100,2023-08-03 00:00:00,6,Friday,5.55,18.15,25.6,7.65,0,36.3,51.2,0,3.63,5.120000000000001,,,,,122.2
2023-07-28,,0,Long,2023-08-01 09:37:00,2023-08-01 09:37:00,2023-08-02 09:16:00,2023-08-02 09:16:00,,19050.0,19300,19900,20100,2023-08-03 00:00:00,6,Friday,"[2.1, 2.1]","[3.6, 3.6]","[4.85, 4.85]","[2.05, 2.05]",0,,,0,,,Exit,Target hit,Target hit,Exit,-17.199999999999996
2023-07-31,10.85,1,Short,09:30:00,09:30:00,09:30:00,09:30:00,19632.3,19250.0,19400,19900,20050,2023-08-03 00:00:00,3,Monday,6.75,18.65,15.85,5.5,0,37.3,31.7,0,3.73,3.17,,,,,89.0
2023-07-31,,0,Long,2023-08-01 14:22:00,2023-08-01 14:22:00,2023-08-02 14:48:00,2023-08-02 14:48:00,,19250.0,19400,19900,20050,2023-08-03 00:00:00,3,Monday,"[2.2, 2.2]","[3.7, 3.7]","[3.15, 3.15]","[2.6, 2.6]",0,,,0,,,Exit,Target hit,Target hit,Exit,-8.2
2023-08-01,10.55,1,Short,09:30:00,09:30:00,09:30:00,09:30:00,19770.0,19350.0,19550,19950,20050,2023-08-03 00:00:00,2,Tuesday,4.25,12.9,13.55,4.75,0,25.8,27.1,0,2.58,2.7100000000000004,,,,,69.80000000000001
2023-08-01,,0,Long,2023-08-02 09:26:00,2023-08-02 09:26:00,2023-08-02 14:53:00,2023-08-02 14:53:00,,19350.0,19550,19950,20050,2023-08-03 00:00:00,2,Tuesday,"[3.35, 8.35]","[26.0, 190.35]","[2.6, 2.6]","[2.35, 2.35]",0,,,0,,,Exit,SL hit,Target hit,Exit,-569.65
2023-08-02,10.68,1,Short,09:30:00,09:30:00,09:30:00,09:30:00,19628.85,19400.0,19500,19800,19950,2023-08-03 00:00:00,1,Wednesday,5.65,16.7,10.5,3.4,0,33.4,21.0,0,3.34,2.1,,,,,72.6
2023-08-02,,0,Long,2023-08-02 11:01:00,2023-08-02 11:01:00,2023-08-03 09:16:00,2023-08-03 09:16:00,,19400.0,19500,19800,19950,2023-08-03 00:00:00,1,Wednesday,"[12.95, 41.4]","[34.3, 140.55]","[1.85, 1.85]","[1.3, 1.3]",0,,,0,,,Exit,SL hit,Target hit,Exit,-321.0
2023-08-03,11.46,1,Short,09:30:00,09:30:00,09:30:00,09:30:00,19522.3,19400.0,19500,19500,19600,2023-08-03 00:00:00,0,Thursday,13.3,40.05,59.75,20.0,0,80.1,119.5,0,8.01,11.95,,,,,266.0
2023-08-03,,0,Long,2023-08-03 12:21:00,2023-08-03 12:21:00,2023-08-03 12:23:00,2023-08-03 12:23:00,,19400.0,19500,19500,19600,2023-08-03 00:00:00,0,Thursday,"[24.4, 41.4]","[83.05, 140.55]","[11.25, 11.25]","[2.75, 2.75]",0,,,0,,,Exit,SL hit,Target hit,Exit,-390.1
2023-08-04,10.9,1,Short,09:30:00,09:30:00,09:30:00,09:30:00,19481.4,18850.0,19150,19850,20100,2023-08-10 00:00:00,6,Friday,4.85,15.75,8.3,2.8,0,31.5,16.6,0,3.1500000000000004,1.66,,,,,65.60000000000001
2023-08-04,,0,Long,2023-08-08 13:08:00,2023-08-08 13:08:00,2023-08-09 13:37:00,2023-08-09 13:37:00,,18850.0,19150,19850,20100,2023-08-10 00:00:00,6,Friday,"[1.4, 1.4]","[3.15, 3.15]","[1.65, 1.65]","[0.95, 0.95]",0,,,0,,,Exit,Target hit,Target hit,Exit,-9.8
2023-08-07,11.28,1,Short,09:30:00,09:30:00,09:30:00,09:30:00,19553.55,19100.0,19300,19800,19950,2023-08-10 00:00:00,3,Monday,6.3,17.6,10.7,3.6,0,35.2,21.4,0,3.5200000000000005,2.14,,,,,73.6
2023-08-07,,0,Long,2023-08-09 14:41:00,2023-08-09 14:41:00,2023-08-09 12:56:00,2023-08-09 12:56:00,,19100.0,19300,19800,19950,2023-08-10 00:00:00,3,Monday,"[1.7, 1.7]","[3.5, 3.5]","[2.1, 2.1]","[1.35, 1.35]",0,,,0,,,Exit,Target hit,Target hit,Exit,-10.2
2023-08-08,11.36,1,Short,09:30:00,09:30:00,09:30:00,09:30:00,19604.55,19250.0,19400,19800,19950,2023-08-10 00:00:00,2,Tuesday,5.55,15.75,11.8,3.4,0,31.5,23.6,0,3.1500000000000004,2.3600000000000003,,,,,74.4
2023-08-08,,0,Long,2023-08-09 10:20:00,2023-08-09 10:20:00,2023-08-09 11:44:00,2023-08-09 11:44:00,,19250.0,19400,19800,19950,2023-08-10 00:00:00,2,Tuesday,"[7.45, 0.1]","[31.8, 0.25]","[2.35, 2.35]","[1.4, 1.4]",0,,,0,,,Exit,SL hit,Target hit,Exit,-28.6
2023-08-09,11.53,1,Short,09:30:00,09:30:00,09:30:00,09:30:00,19524.45,19200.0,19350,19650,19750,2023-08-10 00:00:00,1,Wednesday,3.8,13.05,16.7,5.1,0,26.1,33.4,0,2.6100000000000003,3.34,,,,,83.4
2023-08-09,,0,Long,2023-08-10 10:13:00,2023-08-10 10:13:00,2023-08-09 15:01:00,2023-08-09 15:01:00,,19200.0,19350,19650,19750,2023-08-10 00:00:00,1,Wednesday,"[1.25, 1.25]","[2.5, 2.5]","[35.25, 0.35]","[7.85, 0.3]",0,,,0,,,Exit,Target hit,SL hit,Exit,-32.55
2023-08-10,11.56,1,Short,09:30:00,09:30:00,09:30:00,09:30:00,19585.0,19500.0,19600,19600,19700,2023-08-10 00:00:00,0,Thursday,24.25,64.25,36.8,9.85,0,128.5,73.6,0,12.85,7.359999999999999,,,,,267.79999999999995
2023-08-10,,0,Long,2023-08-10 15:00:00,2023-08-10 15:00:00,2023-08-10 13:31:00,2023-08-10 13:31:00,,19500.0,19600,19600,19700,2023-08-10 00:00:00,0,Thursday,"[3.45, 3.45]","[69.55, 69.55]","[7.1, 7.1]","[1.5, 1.5]",0,,,0,,,Exit,Universal exit,Target hit,Exit,-286.79999999999995
2023-08-11,11.76,1,Short,09:30:00,09:30:00,09:30:00,09:30:00,19490.65,18850.0,19150,19850,20100,2023-08-17 00:00:00,6,Friday,3.8,11.95,8.1,2.5,0,23.9,16.2,0,2.39,1.62,,,,,54.99999999999999
2023-08-11,,0,Long,2023-08-14 09:17:00,2023-08-14 09:17:00,2023-08-14 15:27:00,2023-08-14 15:27:00,,18850.0,19150,19850,20100,2023-08-17 00:00:00,6,Friday,"[5.9, 0.05]","[25.05, 0.1]","[1.6, 1.6]","[1.0, 1.0]",0,,,0,,,Exit,SL hit,Target hit,Exit,-21.700000000000003
2023-08-14,12.54,1,Short,09:30:00,09:30:00,09:30:00,09:30:00,19288.4,18850.0,19050,19550,19750,2023-08-17 00:00:00,3,Monday,4.25,13.55,14.65,4.4,0,27.1,29.3,0,2.7100000000000004,2.93,,,,,78.20000000000002
2023-08-14,,0,Long,2023-08-16 10:10:00,2023-08-16 10:10:00,2023-08-14 14:11:00,2023-08-14 14:11:00,,18850.0,19050,19550,19750,2023-08-17 00:00:00,3,Monday,"[1.5, 1.5]","[2.7, 2.7]","[30.8, 0.25]","[5.9, 0.1]",0,,,0,,,Exit,Target hit,SL hit,Exit,-30.15
2023-08-16,12.43,1,Short,09:30:00,09:30:00,09:30:00,09:30:00,19365.2,19050.0,19200,19500,19600,2023-08-17 00:00:00,1,Wednesday,3.35,12.2,17.05,5.95,0,24.4,34.1,0,2.44,3.41,,,,,79.8
2023-08-16,,0,Long,2023-08-17 09:17:00,2023-08-17 09:17:00,2023-08-16 15:06:00,2023-08-16 15:06:00,,19050.0,19200,19500,19600,2023-08-17 00:00:00,1,Wednesday,"[1.1, 1.1]","[2.1, 2.1]","[34.65, 0.25]","[8.7, 0.2]",0,,,0,,,Exit,Target hit,SL hit,Exit,-30.1
2023-08-17,12.46,1,Short,09:30:00,09:30:00,09:30:00,09:30:00,19411.7,19300.0,19400,19400,19500,2023-08-17 00:00:00,0,Thursday,9.8,39.8,47.0,13.35,0,79.6,94.0,0,7.96,9.4,,,,,254.6
2023-08-17,,0,Long,2023-08-17 15:00:00,2023-08-17 15:00:00,2023-08-17 12:45:00,2023-08-17 12:45:00,,19300.0,19400,19400,19500,2023-08-17 00:00:00,0,Thursday,"[0.3, 0.3]","[17.1, 17.1]","[8.05, 8.05]","[1.6, 1.6]",0,,,0,,,Exit,Universal exit,Target hit,Exit,-93.0
2023-08-18,12.15,1,Short,09:30:00,09:30:00,09:30:00,09:30:00,19326.25,18750.0,19000,19700,20000,2023-08-24 00:00:00,6,Friday,4.35,13.35,5.8,1.95,0,26.7,11.6,0,2.67,1.16,,,,,51.39999999999999
2023-08-18,,0,Long,2023-08-22 10:21:00,2023-08-22 10:21:00,2023-08-23 11:32:00,2023-08-23 11:32:00,,18750.0,19000,19700,20000,2023-08-24 00:00:00,6,Friday,"[1.45, 1.45]","[2.65, 2.65]","[1.15, 1.15]","[0.9, 0.9]",0,,,0,,,Exit,Target hit,Target hit,Exit,-5.800000000000001
2023-08-21,12.41,1,Short,09:30:00,09:30:00,09:30:00,09:30:00,19363.25,18950.0,19100,19600,19750,2023-08-24 00:00:00,3,Monday,4.9,13.65,8.4,2.55,0,27.3,16.8,0,2.7300000000000004,1.6800000000000002,,,,,58.400000000000006
2023-08-21,,0,Long,2023-08-23 09:16:00,2023-08-23 09:16:00,2023-08-24 09:47:00,2023-08-24 09:47:00,,18950.0,19100,19600,19750,2023-08-24 00:00:00,3,Monday,"[1.45, 1.45]","[2.7, 2.7]","[17.8, 0.3]","[1.4, 0.2]",0,,,0,,,Exit,Target hit,SL hit,Exit,-21.7
2023-08-22,11.96,1,Short,09:30:00,09:30:00,09:30:00,09:30:00,19428.2,19100.0,19250,19650,19850,2023-08-24 00:00:00,2,Tuesday,5.15,17.1,5.2,1.65,0,34.2,10.4,0,3.4200000000000004,1.04,,,,,62.0
2023-08-22,,0,Long,2023-08-24 09:15:00,2023-08-24 09:15:00,2023-08-24 12:57:00,2023-08-24 12:57:00,,19100.0,19250,19650,19850,2023-08-24 00:00:00,2,Tuesday,"[1.4, 1.4]","[2.9, 2.9]","[1.0, 1.0]","[0.8, 0.8]",0,,,0,,,Exit,Target hit,Target hit,Exit,-6.800000000000001
2023-08-23,11.77,1,Short,09:30:00,09:30:00,09:30:00,09:30:00,19392.25,19150.0,19250,19550,19650,2023-08-24 00:00:00,1,Wednesday,4.05,13.85,6.6,2.35,0,27.7,13.2,0,2.77,1.32,,,,,56.2
2023-08-23,,0,Long,2023-08-24 09:16:00,2023-08-24 09:16:00,2023-08-23 12:49:00,2023-08-23 12:49:00,,19150.0,19250,19550,19650,2023-08-24 00:00:00,1,Wednesday,"[1.15, 1.15]","[1.5, 1.5]","[13.4, 0.3]","[2.9, 0.3]",0,,,0,,,Exit,Target hit,SL hit,Exit,-11.900000000000002
2023-08-24,11.06,1,Short,09:30:00,09:30:00,09:30:00,09:30:00,19551.85,19500.0,19550,19550,19600,2023-08-24 00:00:00,0,Thursday,15.6,33.95,32.15,13.6,0,67.9,64.3,0,6.790000000000001,6.43,,,,,147.59999999999997
2023-08-24,,0,Long,2023-08-24 11:00:00,2023-08-24 11:00:00,2023-08-24 11:55:00,2023-08-24 11:55:00,,19500.0,19550,19550,19600,2023-08-24 00:00:00,0,Thursday,"[34.55, 93.2]","[69.35, 143.4]","[5.5, 5.5]","[2.6, 2.6]",0,,,0,,,Exit,SL hit,Target hit,Exit,-197.00000000000009
2023-08-25,11.72,1,Short,09:30:00,09:30:00,09:30:00,09:30:00,19326.85,18750.0,19000,19700,20000,2023-08-31 00:00:00,6,Friday,4.75,15.65,7.7,2.45,0,31.3,15.4,0,3.1300000000000003,1.54,,,,,64.60000000000001
2023-08-25,,0,Long,2023-08-29 14:02:00,2023-08-29 14:02:00,2023-08-30 09:21:00,2023-08-30 09:21:00,,18750.0,19000,19700,20000,2023-08-31 00:00:00,6,Friday,"[1.7, 1.7]","[3.1, 3.1]","[1.5, 1.5]","[1.0, 1.0]",0,,,0,,,Exit,Target hit,Target hit,Exit,-7.599999999999998
2023-08-28,12.52,1,Short,09:30:00,09:30:00,09:30:00,09:30:00,19270.05,18800.0,19000,19500,19650,2023-08-31 00:00:00,3,Monday,5.1,16.0,16.5,5.65,0,32.0,33.0,0,3.2,3.3000000000000003,,,,,87.0
2023-08-28,,0,Long,2023-08-29 13:29:00,2023-08-29 13:29:00,2023-08-31 09:16:00,2023-08-31 09:16:00,,18800.0,19000,19500,19650,2023-08-31 00:00:00,3,Monday,"[1.8, 1.8]","[3.15, 3.15]","[3.1, 3.1]","[1.05, 1.05]",0,,,0,,,Exit,Target hit,Target hit,Exit,-13.6
2023-08-29,12.28,1,Short,09:30:00,09:30:00,09:30:00,09:30:00,19323.6,18900.0,19100,19500,19650,2023-08-31 00:00:00,2,Tuesday,3.3,9.4,14.75,4.1,0,18.8,29.5,0,1.88,2.95,,,,,67.0
2023-08-29,,0,Long,2023-08-30 13:52:00,2023-08-30 13:52:00,2023-08-31 09:22:00,2023-08-31 09:22:00,,18900.0,19100,19500,19650,2023-08-31 00:00:00,2,Tuesday,"[1.2, 1.2]","[1.8, 1.8]","[2.9, 2.9]","[0.95, 0.95]",0,,,0,,,Exit,Target hit,Target hit,Exit,-10.2
2023-08-30,11.79,1,Short,09:30:00,09:30:00,09:30:00,09:30:00,19434.1,19150.0,19300,19600,19700,2023-08-31 00:00:00,1,Wednesday,3.25,11.0,4.35,1.45,0,22.0,8.7,0,2.2,0.87,,,,,42.6
2023-08-30,,0,Long,2023-08-30 15:09:00,2023-08-30 15:09:00,2023-08-31 09:15:00,2023-08-31 09:15:00,,19150.0,19300,19600,19700,2023-08-31 00:00:00,1,Wednesday,"[2.5, 0.25]","[22.0, 30.7]","[0.75, 0.75]","[0.95, 0.95]",0,,,0,,,Exit,SL hit,Target hit,Exit,-110.05
2023-08-31,11.97,1,Short,09:30:00,09:30:00,09:30:00,09:30:00,19317.95,19250.0,19300,19300,19400,2023-08-31 00:00:00,0,Thursday,11.15,26.25,46.35,10.2,0,52.5,92.7,0,5.25,9.27,,,,,205.0
2023-08-31,,0,Long,2023-08-31 15:00:00,2023-08-31 15:00:00,2023-08-31 14:12:00,2023-08-31 14:12:00,,19250.0,19300,19300,19400,2023-08-31 00:00:00,0,Thursday,"[2.15, 2.15]","[30.7, 30.7]","[7.8, 7.8]","[0.95, 0.95]",0,,,0,,,Exit,Universal exit,Target hit,Exit,-141.6
2023-09-01,11.82,1,Short,09:30:00,09:30:00,09:30:00,09:30:00,19293.75,18650.0,18950,19650,19850,2023-09-07 00:00:00,6,Friday,4.1,12.05,6.75,2.25,0,24.1,13.5,0,2.41,1.35,,,,,49.8
2023-09-01,,0,Long,2023-09-06 09:15:00,2023-09-06 09:15:00,2023-09-01 13:03:00,2023-09-01 13:03:00,,18650.0,18950,19650,19850,2023-09-07 00:00:00,6,Friday,"[1.65, 1.65]","[2.0, 2.0]","[13.75, 98.9]","[2.1, 0.35]",0,,,0,,,Exit,Target hit,SL hit,Exit,-308.70000000000005
2023-09-04,11.31,1,Short,09:30:00,09:30:00,09:30:00,09:30:00,19513.9,18950.0,19250,19750,19900,2023-09-07 00:00:00,3,Monday,4.15,13.1,6.0,1.9,0,26.2,12.0,0,2.62,1.2000000000000002,,,,,52.2
2023-09-04,,0,Long,2023-09-06 13:41:00,2023-09-06 13:41:00,2023-09-06 14:55:00,2023-09-06 14:55:00,,18950.0,19250,19750,19900,2023-09-07 00:00:00,3,Monday,"[1.3, 1.3]","[2.55, 2.55]","[1.2, 1.2]","[0.7, 0.7]",0,,,0,,,Exit,Target hit,Target hit,Exit,-7.0
2023-09-05,10.94,1,Short,09:30:00,09:30:00,09:30:00,09:30:00,19550.3,19100.0,19350,19750,19900,2023-09-07 00:00:00,2,Tuesday,4.3,12.6,4.9,1.6,0,25.2,9.8,0,2.52,0.98,,,,,46.4
2023-09-05,,0,Long,2023-09-06 15:01:00,2023-09-06 15:01:00,2023-09-07 09:20:00,2023-09-07 09:20:00,,19100.0,19350,19750,19900,2023-09-07 00:00:00,2,Tuesday,"[1.1, 1.1]","[2.05, 2.05]","[0.95, 0.95]","[0.5, 0.5]",0,,,0,,,Exit,Target hit,Target hit,Exit,-5.6
2023-09-06,10.83,1,Short,09:30:00,09:30:00,09:30:00,09:30:00,19576.6,19300.0,19450,19750,19950,2023-09-07 00:00:00,1,Wednesday,4.55,14.9,3.65,1.2,0,29.8,7.3,0,2.9800000000000004,0.73,,,,,51.2
2023-09-06,,0,Long,2023-09-07 09:15:00,2023-09-07 09:15:00,2023-09-07 09:40:00,2023-09-07 09:40:00,,19300.0,19450,19750,19950,2023-09-07 00:00:00,1,Wednesday,"[1.1, 1.1]","[2.5, 2.5]","[0.7, 0.7]","[0.45, 0.45]",0,,,0,,,Exit,Target hit,Target hit,Exit,-6.6
2023-09-07,10.63,1,Short,09:30:00,09:30:00,09:30:00,09:30:00,19569.25,19500.0,19550,19550,19600,2023-09-07 00:00:00,0,Thursday,9.45,25.3,34.85,14.2,0,50.6,69.7,0,5.0600000000000005,6.970000000000001,,,,,146.00000000000003
2023-09-07,,0,Long,2023-09-07 11:04:00,2023-09-07 11:04:00,2023-09-07 10:42:00,2023-09-07 10:42:00,,19500.0,19550,19550,19600,2023-09-07 00:00:00,0,Thursday,"[2.35, 2.35]","[4.75, 4.75]","[70.3, 198.45]","[31.15, 148.85]",0,,,0,,,Exit,Target hit,SL hit,Exit,-197.5499999999999
2023-09-08,10.8,1,Short,09:30:00,09:30:00,09:30:00,09:30:00,19781.9,19050.0,19450,20150,20400,2023-09-14 00:00:00,6,Friday,3.8,11.4,6.15,1.95,0,22.8,12.3,0,2.28,1.2300000000000002,,,,,47.2
2023-09-08,,0,Long,2023-09-13 15:01:00,2023-09-13 15:01:00,2023-09-08 14:20:00,2023-09-08 14:20:00,,19050.0,19450,20150,20400,2023-09-14 00:00:00,6,Friday,"[1.65, 1.65]","[2.25, 2.25]","[12.35, 1.2]","[2.45, 0.1]",0,,,0,,,Exit,Target hit,SL hit,Exit,-15.6
2023-09-11,11.18,1,Short,09:30:00,09:30:00,09:30:00,09:30:00,19893.9,19400.0,19650,20150,20300,2023-09-14 00:00:00,3,Monday,5.9,17.7,12.35,4.3,0,35.4,24.7,0,3.54,2.47,,,,,79.39999999999999
2023-09-11,,0,Long,2023-09-13 14:55:00,2023-09-13 14:55:00,2023-09-11 15:30:00,2023-09-11 15:30:00,,19400.0,19650,20150,20300,2023-09-14 00:00:00,3,Monday,"[2.3, 2.3]","[3.45, 3.45]","[26.0, 1.2]","[7.0, 0.2]",0,,,0,,,Exit,Target hit,SL hit,Exit,-26.60000000000001
2023-09-12,11.45,1,Short,09:30:00,09:30:00,09:30:00,09:30:00,20055.75,19500.0,19850,20250,20400,2023-09-14 00:00:00,2,Tuesday,6.15,19.55,16.9,6.05,0,39.1,33.8,0,3.91,3.38,,,,,97.0
2023-09-12,,0,Long,2023-09-12 09:52:00,2023-09-12 09:52:00,2023-09-14 10:23:00,2023-09-14 10:23:00,,19500.0,19850,20250,20400,2023-09-14 00:00:00,2,Tuesday,"[8.3, 0.05]","[40.15, 0.2]","[3.25, 3.25]","[1.0, 1.0]",0,,,0,,,Exit,SL hit,Target hit,Exit,-41.3
2023-09-13,11.65,1,Short,09:30:00,09:30:00,09:30:00,09:30:00,20013.4,19700.0,19850,20150,20300,2023-09-14 00:00:00,1,Wednesday,7.25,20.0,20.35,5.7,0,40.0,40.7,0,4.0,4.07,,,,,109.6
2023-09-13,,0,Long,2023-09-14 09:16:00,2023-09-14 09:16:00,2023-09-14 13:43:00,2023-09-14 13:43:00,,19700.0,19850,20150,20300,2023-09-14 00:00:00,1,Wednesday,"[1.0, 1.0]","[1.95, 1.95]","[3.3, 3.3]","[0.8, 0.8]",0,,,0,,,Exit,Target hit,Target hit,Exit,-13.8
2023-09-14,11.76,1,Short,09:30:00,09:30:00,09:30:00,09:30:00,20149.35,20050.0,20150,20150,20250,2023-09-14 00:00:00,0,Thursday,14.15,50.45,33.85,6.9,0,100.9,67.7,0,10.090000000000002,6.7700000000000005,,,,,253.00000000000009
2023-09-14,,0,Long,2023-09-14 10:18:00,2023-09-14 10:18:00,2023-09-14 11:47:00,2023-09-14 11:47:00,,20050.0,20150,20150,20250,2023-09-14 00:00:00,0,Thursday,"[34.85, 0.45]","[108.0, 56.05]","[6.6, 6.6]","[2.25, 2.25]",0,,,0,,,Exit,SL hit,Target hit,Exit,-257.35
2023-09-15,11.12,1,Short,09:30:00,09:30:00,09:30:00,09:30:00,20158.65,19300.0,19800,20500,20650,2023-09-21 00:00:00,6,Friday,4.1,12.8,11.65,3.75,0,25.6,23.3,0,2.5600000000000005,2.33,,,,,66.4
2023-09-15,,0,Long,2023-09-20 13:56:00,2023-09-20 13:56:00,2023-09-20 09:16:00,2023-09-20 09:16:00,,19300.0,19800,20500,20650,2023-09-21 00:00:00,6,Friday,"[1.4, 0.05]","[28.2, 61.9]","[2.15, 2.15]","[1.65, 1.65]",0,,,0,,,Exit,SL hit,Target hit,Exit,-214.35
2023-09-18,11.28,1,Short,09:30:00,09:30:00,09:30:00,09:30:00,20151.0,19600.0,19900,20400,20550,2023-09-21 00:00:00,3,Monday,4.55,13.95,12.35,4.25,0,27.9,24.7,0,2.79,2.47,,,,,69.99999999999999
2023-09-18,,0,Long,2023-09-20 10:03:00,2023-09-20 10:03:00,2023-09-20 14:32:00,2023-09-20 14:32:00,,19600.0,19900,20400,20550,2023-09-21 00:00:00,3,Monday,"[2.95, 0.35]","[28.15, 161.65]","[2.45, 2.45]","[1.95, 1.95]",0,,,0,,,Exit,SL hit,Target hit,Exit,-511.1000000000001
2023-09-20,11.16,1,Short,09:30:00,09:30:00,09:30:00,09:30:00,20032.0,19750.0,19900,20200,20350,2023-09-21 00:00:00,1,Wednesday,6.7,20.2,14.85,4.65,0,40.4,29.7,0,4.04,2.97,,,,,94.79999999999998
2023-09-20,,0,Long,2023-09-20 11:53:00,2023-09-20 11:53:00,2023-09-20 15:01:00,2023-09-20 15:01:00,,19750.0,19900,20200,20350,2023-09-21 00:00:00,1,Wednesday,"[9.85, 14.05]","[40.6, 161.65]","[2.95, 2.95]","[1.95, 1.95]",0,,,0,,,Exit,SL hit,Target hit,Exit,-477.55
2023-09-21,11.18,1,Short,09:30:00,09:30:00,09:30:00,09:30:00,19820.9,19750.0,19800,19800,19900,2023-09-21 00:00:00,0,Thursday,15.95,35.9,38.65,9.15,0,71.8,77.3,0,7.18,7.73,,,,,197.8
2023-09-21,,0,Long,2023-09-21 10:05:00,2023-09-21 10:05:00,2023-09-21 11:00:00,2023-09-21 11:00:00,,19750.0,19800,19800,19900,2023-09-21 00:00:00,0,Thursday,"[35.05, 14.05]","[72.0, 61.9]","[7.5, 7.5]","[2.1, 2.1]",0,,,0,,,Exit,SL hit,Target hit,Exit,-202.1
2023-09-22,10.69,1,Short,09:30:00,09:30:00,09:30:00,09:30:00,19754.55,19200.0,19450,20050,20250,2023-09-28 00:00:00,6,Friday,6.25,17.9,15.7,4.7,0,35.8,31.4,0,3.58,3.14,,,,,90.59999999999998
2023-09-22,,0,Long,2023-09-27 14:55:00,2023-09-27 14:55:00,2023-09-26 10:35:00,2023-09-26 10:35:00,,19200.0,19450,20050,20250,2023-09-28 00:00:00,6,Friday,"[1.65, 1.65]","[3.45, 3.45]","[3.0, 3.0]","[1.75, 1.75]",0,,,0,,,Exit,Target hit,Target hit,Exit,-12.2
2023-09-25,11.09,1,Short,09:30:00,09:30:00,09:30:00,09:30:00,19655.5,19150.0,19400,19900,20050,2023-09-28 00:00:00,3,Monday,5.0,15.5,18.1,6.2,0,31.0,36.2,0,3.1,3.620000000000001,,,,,89.60000000000001
2023-09-25,,0,Long,2023-09-27 14:43:00,2023-09-27 14:43:00,2023-09-27 09:16:00,2023-09-27 09:16:00,,19150.0,19400,19900,20050,2023-09-28 00:00:00,3,Monday,"[1.45, 1.45]","[3.1, 3.1]","[3.6, 3.6]","[1.75, 1.75]",0,,,0,,,Exit,Target hit,Target hit,Exit,-14.000000000000002
2023-09-26,11.22,1,Short,09:30:00,09:30:00,09:30:00,09:30:00,19665.05,19250.0,19450,19850,20000,2023-09-28 00:00:00,2,Tuesday,3.8,13.4,17.15,4.9,0,26.8,34.3,0,2.68,3.43,,,,,87.39999999999999
2023-09-26,,0,Long,2023-09-28 09:15:00,2023-09-28 09:15:00,2023-09-28 10:25:00,2023-09-28 10:25:00,,19250.0,19450,19850,20000,2023-09-28 00:00:00,2,Tuesday,"[1.2, 1.2]","[2.2, 2.2]","[3.25, 3.25]","[1.3, 1.3]",0,,,0,,,Exit,Target hit,Target hit,Exit,-11.8
2023-09-27,11.46,1,Short,09:30:00,09:30:00,09:30:00,09:30:00,19608.9,19350.0,19450,19750,19850,2023-09-28 00:00:00,1,Wednesday,4.6,13.0,13.45,5.05,0,26.0,26.9,0,2.6,2.69,,,,,67.2
2023-09-27,,0,Long,2023-09-28 09:15:00,2023-09-28 09:15:00,2023-09-27 13:33:00,2023-09-27 13:33:00,,19350.0,19450,19750,19850,2023-09-28 00:00:00,1,Wednesday,"[1.5, 1.5]","[2.2, 2.2]","[26.95, 0.45]","[6.4, 0.3]",0,,,0,,,Exit,Target hit,SL hit,Exit,-23.8
2023-09-28,11.85,1,Short,09:30:00,09:30:00,09:30:00,09:30:00,19728.6,19650.0,19750,19750,19850,2023-09-28 00:00:00,0,Thursday,23.5,75.65,22.0,5.5,0,151.3,44.0,0,15.130000000000004,4.4,,,,,274.6
2023-09-28,,0,Long,2023-09-28 12:27:00,2023-09-28 12:27:00,2023-09-28 12:27:00,2023-09-28 12:27:00,,19650.0,19750,19750,19850,2023-09-28 00:00:00,0,Thursday,"[63.5, 110.75]","[153.5, 210.95]","[3.95, 3.95]","[1.9, 1.9]",0,,,0,,,Exit,SL hit,Target hit,Exit,-398.79999999999984
2023-09-29,12.14,1,Short,09:30:00,09:30:00,09:30:00,09:30:00,19565.8,18950.0,19200,19900,20100,2023-10-05 00:00:00,6,Friday,4.85,13.75,14.5,4.3,0,27.5,29.0,0,2.75,2.9000000000000004,,,,,76.4
2023-09-29,,0,Long,2023-10-04 15:06:00,2023-10-04 15:06:00,2023-10-03 14:06:00,2023-10-03 14:06:00,,18950.0,19200,19900,20100,2023-10-05 00:00:00,6,Friday,"[1.05, 1.05]","[2.75, 2.75]","[2.9, 2.9]","[1.45, 1.45]",0,,,0,,,Exit,Target hit,Target hit,Exit,-12.6
2023-02-01,16.23,1,Short,09:30:00,09:30:00,09:30:00,09:30:00,17783.7,17350.0,17600,18000,18200,2023-02-02 00:00:00,1,Wednesday,21.25,62.6,60.7,22.45,0,125.2,121.4,0,12.52,12.14,,,,,318.40000000000003
2023-02-01,,0,Long,2023-02-01 12:34:00,2023-02-01 12:34:00,2023-02-01 14:00:00,2023-02-01 14:00:00,,17350.0,17600,18000,18200,2023-02-02 00:00:00,1,Wednesday,"[4.95, 4.95]","[11.15, 11.15]","[11.8, 11.8]","[4.55, 4.55]",0,,,0,,,Exit,Target hit,Target hit,Exit,-53.80000000000001
2023-02-02,17.03,1,Short,09:30:00,09:30:00,09:30:00,09:30:00,17564.1,17400.0,17550,17550,17700,2023-02-02 00:00:00,0,Thursday,24.5,66.5,81.7,23.2,0,133.0,163.4,0,13.3,16.34,,,,,402.0
2023-02-02,,0,Long,2023-02-02 14:21:00,2023-02-02 14:21:00,2023-02-02 13:57:00,2023-02-02 13:57:00,,17400.0,17550,17550,17700,2023-02-02 00:00:00,0,Thursday,"[1.45, 1.45]","[12.3, 12.3]","[15.8, 15.8]","[1.7, 1.7]",0,,,0,,,Exit,Target hit,Target hit,Exit,-99.8
2023-02-03,15.26,1,Short,09:30:00,09:30:00,09:30:00,09:30:00,17686.05,16950.0,17300,18100,18300,2023-02-09 00:00:00,6,Friday,9.05,28.1,17.35,5.3,0,56.2,34.7,0,5.620000000000001,3.4700000000000006,,,,,124.4
2023-02-03,,0,Long,2023-02-07 09:25:00,2023-02-07 09:25:00,2023-02-08 10:50:00,2023-02-08 10:50:00,,16950.0,17300,18100,18300,2023-02-09 00:00:00,6,Friday,"[2.1, 2.1]","[5.6, 5.6]","[3.4, 3.4]","[1.3, 1.3]",0,,,0,,,Exit,Target hit,Target hit,Exit,-22.4
2023-02-06,15.04,1,Short,09:30:00,09:30:00,09:30:00,09:30:00,17746.85,17200.0,17450,18050,18200,2023-02-09 00:00:00,3,Monday,9.3,28.65,17.05,6.1,0,57.3,34.1,0,5.73,3.41,,,,,121.20000000000002
2023-02-06,,0,Long,2023-02-08 09:32:00,2023-02-08 09:32:00,2023-02-09 09:16:00,2023-02-09 09:16:00,,17200.0,17450,18050,18200,2023-02-09 00:00:00,3,Monday,"[1.8, 1.8]","[5.7, 5.7]","[3.3, 3.3]","[1.15, 1.15]",0,,,0,,,Exit,Target hit,Target hit,Exit,-24.2
2023-02-07,14.54,1,Short,09:30:00,09:30:00,09:30:00,09:30:00,17789.6,17350.0,17550,18050,18200,2023-02-09 00:00:00,2,Tuesday,7.0,22.8,17.3,5.1,0,45.6,34.6,0,4.5600000000000005,3.4600000000000004,,,,,112.0
2023-02-07,,0,Long,2023-02-07 13:05:00,2023-02-07 13:05:00,2023-02-09 09:16:00,2023-02-09 09:16:00,,17350.0,17550,18050,18200,2023-02-09 00:00:00,2,Tuesday,"[11.7, 0.15]","[46.85, 0.15]","[3.3, 3.3]","[1.15, 1.15]",0,,,0,,,Exit,SL hit,Target hit,Exit,-43.75
2023-02-08,13.92,1,Short,09:30:00,09:30:00,09:30:00,09:30:00,17808.9,17500.0,17650,17950,18050,2023-02-09 00:00:00,1,Wednesday,8.15,23.5,22.2,8.2,0,47.0,44.4,0,4.7,4.44,,,,,117.4
2023-02-08,,0,Long,2023-02-09 09:15:00,2023-02-09 09:15:00,2023-02-09 12:08:00,2023-02-09 12:08:00,,17500.0,17650,17950,18050,2023-02-09 00:00:00,1,Wednesday,"[2.5, 2.5]","[2.05, 2.05]","[4.3, 4.3]","[1.05, 1.05]",0,,,0,,,Exit,Target hit,Target hit,Exit,-11.2
2023-02-09,13.67,1,Short,09:30:00,09:30:00,09:30:00,09:30:00,17815.25,17700.0,17800,17800,17900,2023-02-09 00:00:00,0,Thursday,11.35,38.95,50.7,13.4,0,77.9,101.4,0,7.790000000000001,10.14,,,,,259.6
2023-02-09,,0,Long,2023-02-09 13:32:00,2023-02-09 13:32:00,2023-02-09 13:55:00,2023-02-09 13:55:00,,17700.0,17800,17800,17900,2023-02-09 00:00:00,0,Thursday,"[1.2, 1.2]","[7.55, 7.55]","[102.9, 88.5]","[24.0, 7.8]",0,,,0,,,Exit,Target hit,SL hit,Exit,-346.4
2023-02-10,12.91,1,Short,09:30:00,09:30:00,09:30:00,09:30:00,17860.7,17250.0,17500,18200,18400,2023-02-16 00:00:00,6,Friday,5.3,15.65,9.35,2.9,0,31.3,18.7,0,3.1300000000000003,1.87,,,,,67.2
2023-02-10,,0,Long,2023-02-15 09:31:00,2023-02-15 09:31:00,2023-02-15 09:33:00,2023-02-15 09:33:00,,17250.0,17500,18200,18400,2023-02-16 00:00:00,6,Friday,"[1.45, 1.45]","[3.05, 3.05]","[1.85, 1.85]","[0.95, 0.95]",0,,,0,,,Exit,Target hit,Target hit,Exit,-9.999999999999998
2023-02-13,13.3,1,Short,09:30:00,09:30:00,09:30:00,09:30:00,17833.65,17450.0,17600,18100,18250,2023-02-16 00:00:00,3,Monday,7.4,20.2,12.6,3.7,0,40.4,25.2,0,4.04,2.52,,,,,86.79999999999998
2023-02-13,,0,Long,2023-02-13 10:07:00,2023-02-13 10:07:00,2023-02-16 09:16:00,2023-02-16 09:16:00,,17450.0,17600,18100,18250,2023-02-16 00:00:00,3,Monday,"[18.9, 0.2]","[46.15, 0.15]","[30.25, 3.6]","[2.25, 0.15]",0,,,0,,,Exit,SL hit,SL hit,Exit,-65.44999999999999
2023-02-14,13.54,1,Short,09:30:00,09:30:00,09:30:00,09:30:00,17820.7,17450.0,17600,18000,18100,2023-02-16 00:00:00,2,Tuesday,5.15,16.45,19.85,7.45,0,32.9,39.7,0,3.29,3.9700000000000006,,,,,94.79999999999998
2023-02-14,,0,Long,2023-02-15 10:06:00,2023-02-15 10:06:00,2023-02-14 12:44:00,2023-02-14 12:44:00,,17450.0,17600,18000,18100,2023-02-16 00:00:00,2,Tuesday,"[1.6, 1.6]","[3.2, 3.2]","[39.7, 81.0]","[14.65, 3.6]",0,,,0,,,Exit,Target hit,SL hit,Exit,-263.65
2023-02-15,13.09,1,Short,09:30:00,09:30:00,09:30:00,09:30:00,17870.25,17550.0,17700,18000,18100,2023-02-16 00:00:00,1,Wednesday,4.1,14.6,15.15,4.3,0,29.2,30.3,0,2.92,3.03,,,,,85.4
2023-02-15,,0,Long,2023-02-16 09:15:00,2023-02-16 09:15:00,2023-02-15 10:07:00,2023-02-15 10:07:00,,17550.0,17700,18000,18100,2023-02-16 00:00:00,1,Wednesday,"[2.1, 2.1]","[1.8, 1.8]","[31.4, 81.0]","[9.1, 3.6]",0,,,0,,,Exit,Target hit,SL hit,Exit,-253.29999999999995
2023-02-16,12.59,1,Short,09:30:00,09:30:00,09:30:00,09:30:00,18120.35,18000.0,18100,18100,18150,2023-02-16 00:00:00,0,Thursday,8.2,28.45,45.7,20.95,0,56.9,91.4,0,5.69,9.14,,,,,180.00000000000003
2023-02-16,,0,Long,2023-02-16 14:28:00,2023-02-16 14:28:00,2023-02-16 13:59:00,2023-02-16 13:59:00,,18000.0,18100,18100,18150,2023-02-16 00:00:00,0,Thursday,"[5.95, 0.65]","[59.6, 22.2]","[8.4, 8.4]","[2.45, 2.45]",0,,,0,,,Exit,SL hit,Target hit,Exit,-142.10000000000002
2023-02-17,12.66,1,Short,09:30:00,09:30:00,09:30:00,09:30:00,17990.9,17350.0,17650,18350,18550,2023-02-23 00:00:00,6,Friday,5.05,15.4,7.3,2.35,0,30.8,14.6,0,3.08,1.46,,,,,61.2
2023-02-17,,0,Long,2023-02-17 13:41:00,2023-02-17 13:41:00,2023-02-21 15:13:00,2023-02-21 15:13:00,,17350.0,17650,18350,18550,2023-02-23 00:00:00,6,Friday,"[8.35, 0.2]","[30.9, 88.35]","[1.45, 1.45]","[1.15, 1.15]",0,,,0,,,Exit,SL hit,Target hit,Exit,-288.19999999999993
2023-02-20,13.43,1,Short,09:30:00,09:30:00,09:30:00,09:30:00,17933.85,17500.0,17700,18200,18350,2023-02-23 00:00:00,3,Monday,6.7,20.5,14.8,4.9,0,41.0,29.6,0,4.1000000000000005,2.9600000000000004,,,,,94.79999999999998
2023-02-20,,0,Long,2023-02-22 09:16:00,2023-02-22 09:16:00,2023-02-22 09:15:00,2023-02-22 09:15:00,,17500.0,17700,18200,18350,2023-02-23 00:00:00,3,Monday,"[7.85, 1.0]","[43.1, 138.3]","[2.8, 2.8]","[2.2, 2.2]",0,,,0,,,Exit,SL hit,Target hit,Exit,-449.55000000000007
2023-02-21,13.79,1,Short,09:30:00,09:30:00,09:30:00,09:30:00,17882.8,17550.0,17700,18100,18250,2023-02-23 00:00:00,2,Tuesday,7.1,20.5,18.35,5.7,0,41.0,36.7,0,4.1000000000000005,3.67,,,,,104.2
2023-02-21,,0,Long,2023-02-22 09:16:00,2023-02-22 09:16:00,2023-02-22 09:42:00,2023-02-22 09:42:00,,17550.0,17700,18100,18250,2023-02-23 00:00:00,2,Tuesday,"[11.25, 5.3]","[43.1, 138.3]","[3.6, 3.6]","[2.4, 2.4]",0,,,0,,,Exit,SL hit,Target hit,Exit,-435.65
2023-02-22,14.34,1,Short,09:30:00,09:30:00,09:30:00,09:30:00,17748.8,17450.0,17600,17900,18050,2023-02-23 00:00:00,1,Wednesday,4.55,14.7,16.45,5.2,0,29.4,32.9,0,2.94,3.29,,,,,85.6
2023-02-22,,0,Long,2023-02-22 09:51:00,2023-02-22 09:51:00,2023-02-23 09:15:00,2023-02-23 09:15:00,,17450.0,17600,17900,18050,2023-02-23 00:00:00,1,Wednesday,"[9.55, 0.35]","[32.4, 40.6]","[2.8, 2.8]","[1.3, 1.3]",0,,,0,,,Exit,SL hit,Target hit,Exit,-149.6
2023-02-23,15.75,1,Short,09:30:00,09:30:00,09:30:00,09:30:00,17503.7,17400.0,17500,17500,17600,2023-02-23 00:00:00,0,Thursday,14.55,43.5,55.7,17.75,0,87.0,111.4,0,8.700000000000001,11.14,,,,,267.6
2023-02-23,,0,Long,2023-02-23 10:30:00,2023-02-23 10:30:00,2023-02-23 10:05:00,2023-02-23 10:05:00,,17400.0,17500,17500,17600,2023-02-23 00:00:00,0,Thursday,"[2.85, 2.85]","[8.0, 8.0]","[118.35, 63.45]","[45.7, 2.9]",0,,,0,,,Exit,Target hit,SL hit,Exit,-274.90000000000003
2023-02-24,14.47,1,Short,09:30:00,09:30:00,09:30:00,09:30:00,17564.05,16850.0,17150,17950,18150,2023-03-02 00:00:00,6,Friday,4.05,12.1,11.25,3.65,0,24.2,22.5,0,2.42,2.25,,,,,62.60000000000001
2023-02-24,,0,Long,2023-02-24 12:54:00,2023-02-24 12:54:00,2023-02-28 10:36:00,2023-02-28 10:36:00,,16850.0,17150,17950,18150,2023-03-02 00:00:00,6,Friday,"[5.6, 0.1]","[24.4, 0.1]","[2.25, 2.25]","[1.8, 1.8]",0,,,0,,,Exit,SL hit,Target hit,Exit,-20.599999999999994
2023-02-27,13.86,1,Short,09:30:00,09:30:00,09:30:00,09:30:00,17440.3,17000.0,17200,17700,17850,2023-03-02 00:00:00,3,Monday,7.5,21.15,22.0,7.55,0,42.3,44.0,0,4.23,4.4,,,,,112.4
2023-02-27,,0,Long,2023-02-27 10:01:00,2023-02-27 10:01:00,2023-02-28 14:23:00,2023-02-28 14:23:00,,17000.0,17200,17700,17850,2023-03-02 00:00:00,3,Monday,"[13.95, 0.1]","[43.75, 0.25]","[4.3, 4.3]","[2.55, 2.55]",0,,,0,,,Exit,SL hit,Target hit,Exit,-37.25
2023-02-28,13.69,1,Short,09:30:00,09:30:00,09:30:00,09:30:00,17406.95,17000.0,17200,17600,17750,2023-03-02 00:00:00,2,Tuesday,6.75,21.4,22.9,7.25,0,42.8,45.8,0,4.28,4.58,,,,,121.2
2023-02-28,,0,Long,2023-02-28 14:07:00,2023-02-28 14:07:00,2023-03-02 09:16:00,2023-03-02 09:16:00,,17000.0,17200,17600,17750,2023-03-02 00:00:00,2,Tuesday,"[9.75, 0.1]","[44.6, 0.25]","[3.2, 3.2]","[0.95, 0.95]",0,,,0,,,Exit,SL hit,Target hit,Exit,-44.3
2023-03-01,13.37,1,Short,09:30:00,09:30:00,09:30:00,09:30:00,17368.35,17050.0,17200,17500,17600,2023-03-02 00:00:00,1,Wednesday,4.5,14.6,20.45,7.15,0,29.2,40.9,0,2.92,4.09,,,,,93.6
2023-03-01,,0,Long,2023-03-01 14:31:00,2023-03-01 14:31:00,2023-03-02 09:58:00,2023-03-02 09:58:00,,17050.0,17200,17500,17600,2023-03-02 00:00:00,1,Wednesday,"[1.55, 1.55]","[2.9, 2.9]","[3.95, 3.95]","[1.5, 1.5]",0,,,0,,,Exit,Target hit,Target hit,Exit,-15.2
2023-03-02,13.1,1,Short,09:30:00,09:30:00,09:30:00,09:30:00,17373.6,17250.0,17350,17350,17450,2023-03-02 00:00:00,0,Thursday,6.25,28.5,56.55,15.7,0,57.0,113.1,0,5.7,11.31,,,,,252.4
2023-03-02,,0,Long,2023-03-02 15:00:00,2023-03-02 15:00:00,2023-03-02 13:41:00,2023-03-02 13:41:00,,17250.0,17350,17350,17450,2023-03-02 00:00:00,0,Thursday,"[0.4, 0.4]","[19.95, 19.95]","[11.3, 11.3]","[1.2, 1.2]",0,,,0,,,Exit,Universal exit,Target hit,Exit,-118.6
2023-03-03,12.15,1,Short,09:30:00,09:30:00,09:30:00,09:30:00,17467.3,16850.0,17150,17750,17900,2023-03-09 00:00:00,6,Friday,4.25,12.45,9.4,3.25,0,24.9,18.8,0,2.49,1.88,,,,,57.400000000000006
2023-03-03,,0,Long,2023-03-06 14:27:00,2023-03-06 14:27:00,2023-03-03 10:47:00,2023-03-03 10:47:00,,16850.0,17150,17750,17900,2023-03-09 00:00:00,6,Friday,"[1.5, 1.5]","[2.45, 2.45]","[19.7, 0.25]","[6.25, 0.2]",0,,,0,,,Exit,Target hit,SL hit,Exit,-17.4
2023-03-06,12.12,1,Short,09:30:00,09:30:00,09:30:00,09:30:00,17751.25,17200.0,17500,18000,18150,2023-03-09 00:00:00,3,Monday,4.15,12.05,9.3,3.35,0,24.1,18.6,0,2.41,1.8600000000000003,,,,,55.400000000000006
2023-03-06,,0,Long,2023-03-08 09:16:00,2023-03-08 09:16:00,2023-03-08 09:24:00,2023-03-08 09:24:00,,17200.0,17500,18000,18150,2023-03-09 00:00:00,3,Monday,"[4.95, 0.1]","[31.0, 0.25]","[1.85, 1.85]","[1.2, 1.2]",0,,,0,,,Exit,SL hit,Target hit,Exit,-29.1
2023-03-08,12.72,1,Short,09:30:00,09:30:00,09:30:00,09:30:00,17633.05,17350.0,17500,17800,17950,2023-03-09 00:00:00,1,Wednesday,7.0,21.9,7.3,2.15,0,43.8,14.6,0,4.38,1.46,,,,,80.19999999999999
2023-03-08,,0,Long,2023-03-08 15:07:00,2023-03-08 15:07:00,2023-03-08 09:37:00,2023-03-08 09:37:00,,17350.0,17500,17800,17950,2023-03-09 00:00:00,1,Wednesday,"[2.45, 2.45]","[4.35, 4.35]","[17.25, 0.15]","[3.2, 0.15]",0,,,0,,,Exit,Target hit,SL hit,Exit,-21.64999999999999
2023-03-09,12.55,1,Short,09:30:00,09:30:00,09:30:00,09:30:00,17733.05,17650.0,17750,17750,17800,2023-03-09 00:00:00,0,Thursday,10.3,45.05,25.15,10.75,0,90.1,50.3,0,9.01,5.03,,,,,196.6
2023-03-09,,0,Long,2023-03-09 12:21:00,2023-03-09 12:21:00,2023-03-09 12:03:00,2023-03-09 12:03:00,,17650.0,17750,17750,17800,2023-03-09 00:00:00,0,Thursday,"[18.05, 39.45]","[90.1, 139.05]","[4.8, 4.8]","[1.7, 1.7]",0,,,0,,,Exit,SL hit,Target hit,Exit,-383.25
2023-03-10,13.62,1,Short,09:30:00,09:30:00,09:30:00,09:30:00,17395.65,16750.0,17050,17750,17950,2023-03-16 00:00:00,6,Friday,7.3,21.85,13.7,4.75,0,43.7,27.4,0,4.37,2.74,,,,,94.0
2023-03-10,,0,Long,2023-03-13 13:40:00,2023-03-13 13:40:00,2023-03-14 15:18:00,2023-03-14 15:18:00,,16750.0,17050,17750,17950,2023-03-16 00:00:00,6,Friday,"[10.5, 0.15]","[43.9, 65.15]","[2.65, 2.65]","[1.85, 1.85]",0,,,0,,,Exit,SL hit,Target hit,Exit,-231.6
2023-03-13,13.69,1,Short,09:30:00,09:30:00,09:30:00,09:30:00,17500.25,17000.0,17250,17750,17900,2023-03-16 00:00:00,3,Monday,6.35,21.1,16.2,5.35,0,42.2,32.4,0,4.220000000000001,3.24,,,,,102.4
2023-03-13,,0,Long,2023-03-13 11:07:00,2023-03-13 11:07:00,2023-03-14 12:41:00,2023-03-14 12:41:00,,17000.0,17250,17750,17900,2023-03-16 00:00:00,3,Monday,"[10.55, 21.5]","[43.7, 264.1]","[3.2, 3.2]","[2.15, 2.15]",0,,,0,,,Exit,SL hit,Target hit,Exit,-765.1500000000001
2023-03-14,15.71,1,Short,09:30:00,09:30:00,09:30:00,09:30:00,17184.55,16650.0,16950,17450,17650,2023-03-16 00:00:00,2,Tuesday,10.65,34.85,24.8,7.8,0,69.7,49.6,0,6.970000000000001,4.960000000000001,,,,,164.8
2023-03-14,,0,Long,2023-03-16 09:28:00,2023-03-16 09:28:00,2023-03-15 10:10:00,2023-03-15 10:10:00,,16650.0,16950,17450,17650,2023-03-16 00:00:00,2,Tuesday,"[3.3, 0.1]","[72.5, 2.7]","[4.7, 4.7]","[2.2, 2.2]",0,,,0,,,Exit,SL hit,Target hit,Exit,-87.0
2023-03-15,15.25,1,Short,09:30:00,09:30:00,09:30:00,09:30:00,17189.9,16900.0,17050,17350,17500,2023-03-16 00:00:00,1,Wednesday,9.3,27.8,22.25,6.5,0,55.6,44.5,0,5.5600000000000005,4.45,,,,,137.0
2023-03-15,,0,Long,2023-03-15 13:01:00,2023-03-15 13:01:00,2023-03-15 14:23:00,2023-03-15 14:23:00,,16900.0,17050,17350,17500,2023-03-16 00:00:00,1,Wednesday,"[16.3, 1.0]","[57.45, 65.15]","[4.4, 4.4]","[2.5, 2.5]",0,,,0,,,Exit,SL hit,Target hit,Exit,-241.2
2023-03-16,16.95,1,Short,09:30:00,09:30:00,09:30:00,09:30:00,16910.5,16800.0,16900,16900,17000,2023-03-16 00:00:00,0,Thursday,16.3,46.9,64.8,24.55,0,93.8,129.6,0,9.38,12.96,,,,,283.4
2023-03-16,,0,Long,2023-03-16 11:09:00,2023-03-16 11:09:00,2023-03-16 10:55:00,2023-03-16 10:55:00,,16800.0,16900,16900,17000,2023-03-16 00:00:00,0,Thursday,"[3.6, 3.6]","[9.25, 9.25]","[139.9, 87.5]","[63.0, 7.4]",0,,,0,,,Exit,Target hit,SL hit,Exit,-339.79999999999995
2023-03-17,15.3,1,Short,09:30:00,09:30:00,09:30:00,09:30:00,17109.4,16400.0,16700,17500,17700,2023-03-23 00:00:00,6,Friday,8.6,25.25,17.75,5.9,0,50.5,35.5,0,5.050000000000001,3.5500000000000003,,,,,114.0
2023-03-17,,0,Long,2023-03-17 12:22:00,2023-03-17 12:22:00,2023-03-20 14:42:00,2023-03-20 14:42:00,,16400.0,16700,17500,17700,2023-03-23 00:00:00,6,Friday,"[16.25, 0.05]","[51.05, 0.1]","[3.5, 3.5]","[2.15, 2.15]",0,,,0,,,Exit,SL hit,Target hit,Exit,-40.35
2023-03-20,16.31,1,Short,09:30:00,09:30:00,09:30:00,09:30:00,16957.15,16400.0,16650,17250,17400,2023-03-23 00:00:00,3,Monday,10.8,34.1,24.6,8.9,0,68.2,49.2,0,6.82,4.920000000000001,,,,,156.0
2023-03-20,,0,Long,2023-03-21 14:02:00,2023-03-21 14:02:00,2023-03-22 09:19:00,2023-03-22 09:19:00,,16400.0,16650,17250,17400,2023-03-23 00:00:00,3,Monday,"[2.65, 2.65]","[6.8, 6.8]","[51.2, 0.25]","[11.2, 0.2]",0,,,0,,,Exit,Target hit,SL hit,Exit,-56.75000000000001
2023-03-21,15.59,1,Short,09:30:00,09:30:00,09:30:00,09:30:00,17078.45,16600.0,16850,17350,17500,2023-03-23 00:00:00,2,Tuesday,8.9,29.65,14.85,4.35,0,59.3,29.7,0,5.93,2.97,,,,,125.0
2023-03-21,,0,Long,2023-03-23 09:15:00,2023-03-23 09:15:00,2023-03-23 09:16:00,2023-03-23 09:16:00,,16600.0,16850,17350,17500,2023-03-23 00:00:00,2,Tuesday,"[1.45, 1.45]","[4.3, 4.3]","[1.4, 1.4]","[0.95, 0.95]",0,,,0,,,Exit,Target hit,Target hit,Exit,-13.199999999999998
2023-03-22,14.76,1,Short,09:30:00,09:30:00,09:30:00,09:30:00,17171.45,16800.0,17000,17300,17400,2023-03-23 00:00:00,1,Wednesday,7.2,24.0,24.2,8.0,0,48.0,48.4,0,4.800000000000001,4.84,,,,,132.0
2023-03-22,,0,Long,2023-03-23 11:03:00,2023-03-23 11:03:00,2023-03-23 09:16:00,2023-03-23 09:16:00,,16800.0,17000,17300,17400,2023-03-23 00:00:00,1,Wednesday,"[1.45, 1.45]","[4.8, 4.8]","[2.3, 2.3]","[1.2, 1.2]",0,,,0,,,Exit,Target hit,Target hit,Exit,-17.799999999999997
2023-03-23,14.79,1,Short,09:30:00,09:30:00,09:30:00,09:30:00,17058.75,16950.0,17050,17050,17150,2023-03-23 00:00:00,0,Thursday,13.65,43.7,50.55,13.6,0,87.4,101.1,0,8.74,10.11,,,,,268.0
2023-03-23,,0,Long,2023-03-23 10:30:00,2023-03-23 10:30:00,2023-03-23 10:05:00,2023-03-23 10:05:00,,16950.0,17050,17050,17150,2023-03-23 00:00:00,0,Thursday,"[3.25, 3.25]","[8.2, 8.2]","[101.8, 44.2]","[34.35, 0.7]",0,,,0,,,Exit,Target hit,SL hit,Exit,-217.75000000000009
2023-03-24,14.65,1,Short,09:30:00,09:30:00,09:30:00,09:30:00,17021.6,16450.0,16650,17350,17550,2023-03-29 00:00:00,5,Friday,7.0,19.15,17.05,4.85,0,38.3,34.1,0,3.83,3.41,,,,,97.4
2023-03-24,,0,Long,2023-03-28 09:17:00,2023-03-28 09:17:00,2023-03-27 15:26:00,2023-03-27 15:26:00,,16450.0,16650,17350,17550,2023-03-29 00:00:00,5,Friday,"[1.75, 1.75]","[3.8, 3.8]","[3.0, 3.0]","[1.55, 1.55]",0,,,0,,,Exit,Target hit,Target hit,Exit,-14.0
2023-03-27,15.72,1,Short,09:30:00,09:30:00,09:30:00,09:30:00,16981.9,16550.0,16750,17250,17400,2023-03-29 00:00:00,2,Monday,8.5,25.7,18.9,5.3,0,51.4,37.8,0,5.140000000000001,3.78,,,,,123.19999999999996
2023-03-27,,0,Long,2023-03-28 15:25:00,2023-03-28 15:25:00,2023-03-28 13:55:00,2023-03-28 13:55:00,,16550.0,16750,17250,17400,2023-03-29 00:00:00,2,Monday,"[1.0, 1.0]","[4.85, 4.85]","[3.15, 3.15]","[1.55, 1.55]",0,,,0,,,Exit,Target hit,Target hit,Exit,-21.8
2023-03-28,15.34,1,Short,09:30:00,09:30:00,09:30:00,09:30:00,17003.2,16700.0,16850,17150,17250,2023-03-29 00:00:00,1,Tuesday,5.7,17.85,29.1,9.3,0,35.7,58.2,0,3.5700000000000003,5.82,,,,,127.8
2023-03-28,,0,Long,2023-03-29 10:21:00,2023-03-29 10:21:00,2023-03-28 15:04:00,2023-03-28 15:04:00,,16700.0,16850,17150,17250,2023-03-29 00:00:00,1,Tuesday,"[1.15, 1.15]","[3.5, 3.5]","[5.55, 5.55]","[2.1, 2.1]",0,,,0,,,Exit,Target hit,Target hit,Exit,-23.200000000000003
2023-03-29,14.7,1,Short,09:30:00,09:30:00,09:30:00,09:30:00,17000.65,16900.0,17000,17000,17100,2023-03-29 00:00:00,0,Wednesday,12.4,41.5,46.15,10.55,0,83.0,92.3,0,8.3,9.23,,,,,258.8
2023-03-29,,0,Long,2023-03-29 14:05:00,2023-03-29 14:05:00,2023-03-29 15:00:00,2023-03-29 15:00:00,,16900.0,17000,17000,17100,2023-03-29 00:00:00,0,Wednesday,"[1.35, 1.35]","[8.15, 8.15]","[22.1, 22.1]","[0.75, 0.75]",0,,,0,,,Exit,Target hit,Universal exit,Exit,-112.6
2023-03-31,12.9,1,Short,09:30:00,09:30:00,09:30:00,09:30:00,17271.7,16600.0,16900,17600,17750,2023-04-06 00:00:00,6,Friday,6.65,19.5,9.25,3.25,0,39.0,18.5,0,3.9,1.85,,,,,75.4
2023-03-31,,0,Long,2023-04-03 13:06:00,2023-04-03 13:06:00,2023-03-31 13:55:00,2023-03-31 13:55:00,,16600.0,16900,17600,17750,2023-04-06 00:00:00,6,Friday,"[1.4, 1.4]","[3.3, 3.3]","[18.8, 13.7]","[5.6, 0.15]",0,,,0,,,Exit,Target hit,SL hit,Exit,-61.45
2023-04-03,13.47,1,Short,09:30:00,09:30:00,09:30:00,09:30:00,17342.0,16900.0,17100,17600,17750,2023-04-06 00:00:00,3,Monday,7.7,24.35,11.8,3.4,0,48.7,23.6,0,4.870000000000001,2.3600000000000003,,,,,100.20000000000002
2023-04-03,,0,Long,2023-04-05 09:20:00,2023-04-05 09:20:00,2023-04-05 12:47:00,2023-04-05 12:47:00,,16900.0,17100,17600,17750,2023-04-06 00:00:00,3,Monday,"[2.25, 2.25]","[4.85, 4.85]","[23.65, 13.7]","[2.4, 0.15]",0,,,0,,,Exit,Target hit,SL hit,Exit,-72.3
2023-04-05,12.73,1,Short,09:30:00,09:30:00,09:30:00,09:30:00,17464.8,17150.0,17300,17600,17700,2023-04-06 00:00:00,1,Wednesday,5.7,16.75,12.3,2.95,0,33.5,24.6,0,3.35,2.4600000000000004,,,,,81.6
2023-04-05,,0,Long,2023-04-06 09:15:00,2023-04-06 09:15:00,2023-04-05 12:50:00,2023-04-05 12:50:00,,17150.0,17300,17600,17700,2023-04-06 00:00:00,1,Wednesday,"[1.9, 1.9]","[3.15, 3.15]","[25.85, 13.7]","[5.8, 0.2]",0,,,0,,,Exit,Target hit,SL hit,Exit,-65.55
2023-04-06,12.54,1,Short,09:30:00,09:30:00,09:30:00,09:30:00,17530.8,17450.0,17550,17550,17600,2023-04-06 00:00:00,0,Thursday,15.3,53.3,28.05,12.6,0,106.6,56.1,0,10.66,5.61,,,,,213.8
2023-04-06,,0,Long,2023-04-06 10:59:00,2023-04-06 10:59:00,2023-04-06 10:06:00,2023-04-06 10:06:00,,17450.0,17550,17550,17600,2023-04-06 00:00:00,0,Thursday,"[2.05, 2.05]","[9.8, 9.8]","[58.3, 57.0]","[30.45, 13.7]",0,,,0,,,Exit,Target hit,SL hit,Exit,-188.75
2023-04-10,12.4,1,Short,09:30:00,09:30:00,09:30:00,09:30:00,17635.15,17200.0,17400,17900,18050,2023-04-13 00:00:00,3,Monday,4.95,16.35,7.8,2.5,0,32.7,15.6,0,3.2700000000000005,1.56,,,,,66.80000000000001
2023-04-10,,0,Long,2023-04-11 14:33:00,2023-04-11 14:33:00,2023-04-12 13:37:00,2023-04-12 13:37:00,,17200.0,17400,17900,18050,2023-04-13 00:00:00,3,Monday,"[1.7, 1.7]","[3.25, 3.25]","[16.15, 0.3]","[1.55, 0.1]",0,,,0,,,Exit,Target hit,SL hit,Exit,-21.4
2023-04-11,12.17,1,Short,09:30:00,09:30:00,09:30:00,09:30:00,17698.15,17300.0,17500,17900,18000,2023-04-13 00:00:00,2,Tuesday,3.2,10.45,7.3,2.65,0,20.9,14.6,0,2.09,1.46,,,,,47.6
2023-04-11,,0,Long,2023-04-13 09:15:00,2023-04-13 09:15:00,2023-04-12 13:37:00,2023-04-12 13:37:00,,17300.0,17500,17900,18000,2023-04-13 00:00:00,2,Tuesday,"[1.5, 1.5]","[1.55, 1.55]","[16.15, 0.3]","[3.15, 0.15]",0,,,0,,,Exit,Target hit,SL hit,Exit,-13.65
2023-04-12,12.11,1,Short,09:30:00,09:30:00,09:30:00,09:30:00,17764.35,17450.0,17600,17900,18000,2023-04-13 00:00:00,1,Wednesday,3.25,9.7,8.85,2.25,0,19.4,17.7,0,1.94,1.77,,,,,52.19999999999999
2023-04-12,,0,Long,2023-04-13 09:31:00,2023-04-13 09:31:00,2023-04-12 13:40:00,2023-04-12 13:40:00,,17450.0,17600,17900,18000,2023-04-13 00:00:00,1,Wednesday,"[1.0, 1.0]","[1.85, 1.85]","[18.75, 0.3]","[3.95, 0.15]",0,,,0,,,Exit,Target hit,SL hit,Exit,-18.65
2023-04-13,12.39,1,Short,09:30:00,09:30:00,09:30:00,09:30:00,17808.75,17700.0,17800,17800,17850,2023-04-13 00:00:00,0,Thursday,6.45,29.8,41.4,19.0,0,59.6,82.8,0,5.960000000000001,8.28,,,,,183.0
2023-04-13,,0,Long,2023-04-13 11:12:00,2023-04-13 11:12:00,2023-04-13 12:13:00,2023-04-13 12:13:00,,17700.0,17800,17800,17850,2023-04-13 00:00:00,0,Thursday,"[12.25, 0.35]","[62.5, 3.65]","[7.9, 7.9]","[2.35, 2.35]",0,,,0,,,Exit,SL hit,Target hit,Exit,-82.35
2023-04-17,13.01,1,Short,09:30:00,09:30:00,09:30:00,09:30:00,17633.4,17200.0,17400,17900,18050,2023-04-20 00:00:00,3,Monday,7.3,20.55,16.35,5.55,0,41.1,32.7,0,4.11,3.2700000000000005,,,,,96.20000000000002
2023-04-17,,0,Long,2023-04-18 12:13:00,2023-04-18 12:13:00,2023-04-19 09:16:00,2023-04-19 09:16:00,,17200.0,17400,17900,18050,2023-04-20 00:00:00,3,Monday,"[1.7, 1.7]","[4.0, 4.0]","[3.1, 3.1]","[1.45, 1.45]",0,,,0,,,Exit,Target hit,Target hit,Exit,-15.8
2023-04-18,12.25,1,Short,09:30:00,09:30:00,09:30:00,09:30:00,17739.3,17400.0,17550,17950,18100,2023-04-20 00:00:00,2,Tuesday,4.6,14.15,7.75,2.7,0,28.3,15.5,0,2.83,1.55,,,,,58.39999999999999
2023-04-18,,0,Long,2023-04-18 10:07:00,2023-04-18 10:07:00,2023-04-19 14:38:00,2023-04-19 14:38:00,,17400.0,17550,17950,18100,2023-04-20 00:00:00,2,Tuesday,"[8.75, 0.1]","[28.65, 0.4]","[1.55, 1.55]","[1.25, 1.25]",0,,,0,,,Exit,SL hit,Target hit,Exit,-22.000000000000004
2023-04-19,12.25,1,Short,09:30:00,09:30:00,09:30:00,09:30:00,17635.4,17400.0,17500,17800,17950,2023-04-20 00:00:00,1,Wednesday,4.15,12.25,7.55,2.15,0,24.5,15.1,0,2.45,1.51,,,,,54.0
2023-04-19,,0,Long,2023-04-20 09:30:00,2023-04-20 09:30:00,2023-04-20 10:02:00,2023-04-20 10:02:00,,17400.0,17500,17800,17950,2023-04-20 00:00:00,1,Wednesday,"[1.15, 1.15]","[2.25, 2.25]","[1.5, 1.5]","[0.8, 0.8]",0,,,0,,,Exit,Target hit,Target hit,Exit,-7.200000000000001
2023-04-20,12.03,1,Short,09:30:00,09:30:00,09:30:00,09:30:00,17673.95,17550.0,17650,17650,17700,2023-04-20 00:00:00,0,Thursday,4.55,21.05,50.45,23.75,0,42.1,100.9,0,4.21,10.090000000000002,,,,,172.8
2023-04-20,,0,Long,2023-04-20 10:27:00,2023-04-20 10:27:00,2023-04-20 13:04:00,2023-04-20 13:04:00,,17550.0,17650,17650,17700,2023-04-20 00:00:00,0,Thursday,"[9.7, 0.4]","[51.2, 32.6]","[9.45, 9.45]","[3.0, 3.0]",0,,,0,,,Exit,SL hit,Target hit,Exit,-163.9
2023-04-21,11.72,1,Short,09:30:00,09:30:00,09:30:00,09:30:00,17660.45,17100.0,17350,17950,18100,2023-04-27 00:00:00,6,Friday,4.15,11.85,8.85,2.65,0,23.7,17.7,0,2.37,1.77,,,,,55.6
2023-04-21,,0,Long,2023-04-25 09:15:00,2023-04-25 09:15:00,2023-04-27 09:16:00,2023-04-27 09:16:00,,17100.0,17350,17950,18100,2023-04-27 00:00:00,6,Friday,"[2.15, 2.15]","[2.1, 2.1]","[1.75, 1.75]","[0.7, 0.7]",0,,,0,,,Exit,Target hit,Target hit,Exit,-4.000000000000002
2023-04-24,12.06,1,Short,09:30:00,09:30:00,09:30:00,09:30:00,17655.25,17200.0,17400,17900,18050,2023-04-27 00:00:00,3,Monday,3.3,9.8,7.95,2.55,0,19.6,15.9,0,1.96,1.59,,,,,47.6
2023-04-24,,0,Long,2023-04-26 09:15:00,2023-04-26 09:15:00,2023-04-25 11:12:00,2023-04-25 11:12:00,,17200.0,17400,17900,18050,2023-04-27 00:00:00,3,Monday,"[1.75, 1.75]","[1.7, 1.7]","[16.0, 7.3]","[3.15, 0.25]",0,,,0,,,Exit,Target hit,SL hit,Exit,-33.800000000000004
2023-04-25,11.73,1,Short,09:30:00,09:30:00,09:30:00,09:30:00,17730.3,17350.0,17550,17950,18100,2023-04-27 00:00:00,2,Tuesday,3.45,11.6,5.65,2.0,0,23.2,11.3,0,2.32,1.13,,,,,47.2
2023-04-25,,0,Long,2023-04-27 09:15:00,2023-04-27 09:15:00,2023-04-27 12:17:00,2023-04-27 12:17:00,,17350.0,17550,17950,18100,2023-04-27 00:00:00,2,Tuesday,"[1.1, 1.1]","[1.95, 1.95]","[1.1, 1.1]","[0.4, 0.4]",0,,,0,,,Exit,Target hit,Target hit,Exit,-6.199999999999999
2023-04-26,11.83,1,Short,09:30:00,09:30:00,09:30:00,09:30:00,17736.95,17450.0,17600,17900,18050,2023-04-27 00:00:00,1,Wednesday,3.5,11.65,5.25,1.6,0,23.3,10.5,0,2.33,1.05,,,,,47.2
2023-04-26,,0,Long,2023-04-27 09:16:00,2023-04-27 09:16:00,2023-04-26 12:39:00,2023-04-26 12:39:00,,17450.0,17600,17900,18050,2023-04-27 00:00:00,1,Wednesday,"[1.05, 1.05]","[2.0, 2.0]","[11.55, 7.3]","[1.55, 0.25]",0,,,0,,,Exit,Target hit,SL hit,Exit,-34.95
2023-04-27,11.78,1,Short,09:30:00,09:30:00,09:30:00,09:30:00,17829.5,17750.0,17850,17850,17900,2023-04-27 00:00:00,0,Thursday,9.35,44.15,22.2,7.85,0,88.3,44.4,0,8.83,4.44,,,,,196.6
2023-04-27,,0,Long,2023-04-27 13:32:00,2023-04-27 13:32:00,2023-04-27 13:57:00,2023-04-27 13:57:00,,17750.0,17850,17850,17900,2023-04-27 00:00:00,0,Thursday,"[1.0, 1.0]","[7.8, 7.8]","[44.6, 40.45]","[12.7, 7.3]",0,,,0,,,Exit,Target hit,SL hit,Exit,-158.55000000000004
2023-04-28,11.49,1,Short,09:30:00,09:30:00,09:30:00,09:30:00,17897.95,17300.0,17600,18200,18350,2023-05-04 00:00:00,6,Friday,3.5,11.2,11.2,4.0,0,22.4,22.4,0,2.24,2.24,,,,,59.6
2023-04-28,,0,Long,2023-05-02 14:54:00,2023-05-02 14:54:00,2023-05-02 09:15:00,2023-05-02 09:15:00,,17300.0,17600,18200,18350,2023-05-04 00:00:00,6,Friday,"[1.45, 1.45]","[2.2, 2.2]","[25.0, 31.8]","[3.65, 0.2]",0,,,0,,,Exit,Target hit,SL hit,Exit,-119.15000000000002
2023-05-02,11.77,1,Short,09:30:00,09:30:00,09:30:00,09:30:00,18159.3,17700.0,17950,18350,18450,2023-05-04 00:00:00,2,Tuesday,4.2,12.25,7.95,2.8,0,24.5,15.9,0,2.45,1.59,,,,,52.8
2023-05-02,,0,Long,2023-05-04 09:31:00,2023-05-04 09:31:00,2023-05-03 15:09:00,2023-05-03 15:09:00,,17700.0,17950,18350,18450,2023-05-04 00:00:00,2,Tuesday,"[0.9, 0.9]","[2.45, 2.45]","[1.55, 1.55]","[1.05, 1.05]",0,,,0,,,Exit,Target hit,Target hit,Exit,-8.2
2023-05-03,12.11,1,Short,09:30:00,09:30:00,09:30:00,09:30:00,18070.2,17750.0,17900,18200,18300,2023-05-04 00:00:00,1,Wednesday,3.35,9.25,13.55,3.6,0,18.5,27.1,0,1.85,2.7100000000000004,,,,,63.400000000000006
2023-05-03,,0,Long,2023-05-04 09:19:00,2023-05-04 09:19:00,2023-05-04 14:59:00,2023-05-04 14:59:00,,17750.0,17900,18200,18300,2023-05-04 00:00:00,1,Wednesday,"[0.95, 0.95]","[1.8, 1.8]","[27.6, 31.8]","[0.35, 0.4]",0,,,0,,,Exit,Target hit,SL hit,Exit,-124.85
2023-05-04,11.89,1,Short,09:30:00,09:30:00,09:30:00,09:30:00,18118.35,18000.0,18100,18100,18150,2023-05-04 00:00:00,0,Thursday,5.65,27.25,42.35,18.55,0,54.5,84.7,0,5.45,8.47,,,,,181.6
2023-05-04,,0,Long,2023-05-04 12:22:00,2023-05-04 12:22:00,2023-05-04 13:05:00,2023-05-04 13:05:00,,18000.0,18100,18100,18150,2023-05-04 00:00:00,0,Thursday,"[1.7, 1.7]","[5.45, 5.45]","[90.0, 131.1]","[46.0, 81.1]",0,,,0,,,Exit,Target hit,SL hit,Exit,-209.0
2023-05-05,11.81,1,Short,09:30:00,09:30:00,09:30:00,09:30:00,18170.75,17500.0,17800,18500,18700,2023-05-11 00:00:00,6,Friday,2.9,8.3,7.4,2.35,0,16.6,14.8,0,1.66,1.4800000000000002,,,,,41.8
2023-05-05,,0,Long,2023-05-05 12:01:00,2023-05-05 12:01:00,2023-05-11 10:26:00,2023-05-11 10:26:00,,17500.0,17800,18500,18700,2023-05-11 00:00:00,6,Friday,"[4.15, 0.1]","[17.15, 0.15]","[1.45, 1.45]","[0.95, 0.95]",0,,,0,,,Exit,SL hit,Target hit,Exit,-15.15
2023-05-08,12.57,1,Short,09:30:00,09:30:00,09:30:00,09:30:00,18179.1,17750.0,17950,18450,18650,2023-05-11 00:00:00,3,Monday,4.7,14.7,8.6,2.55,0,29.4,17.2,0,2.94,1.72,,,,,64.19999999999999
2023-05-08,,0,Long,2023-05-10 09:15:00,2023-05-10 09:15:00,2023-05-08 13:19:00,2023-05-08 13:19:00,,17750.0,17950,18450,18650,2023-05-11 00:00:00,3,Monday,"[1.75, 1.75]","[2.25, 2.25]","[17.85, 0.3]","[2.5, 0.2]",0,,,0,,,Exit,Target hit,SL hit,Exit,-17.65
2023-05-09,12.63,1,Short,09:30:00,09:30:00,09:30:00,09:30:00,18298.85,17900.0,18100,18500,18600,2023-05-11 00:00:00,2,Tuesday,4.55,13.35,9.55,3.7,0,26.7,19.1,0,2.67,1.91,,,,,58.6
2023-05-09,,0,Long,2023-05-11 09:16:00,2023-05-11 09:16:00,2023-05-11 09:16:00,2023-05-11 09:16:00,,17900.0,18100,18500,18600,2023-05-11 00:00:00,2,Tuesday,"[1.0, 1.0]","[1.7, 1.7]","[1.9, 1.9]","[0.65, 0.65]",0,,,0,,,Exit,Target hit,Target hit,Exit,-7.799999999999999
2023-05-10,12.8,1,Short,09:30:00,09:30:00,09:30:00,09:30:00,18305.0,18000.0,18150,18450,18550,2023-05-11 00:00:00,1,Wednesday,4.0,12.15,10.35,3.15,0,24.3,20.7,0,2.43,2.07,,,,,61.4
2023-05-10,,0,Long,2023-05-10 09:42:00,2023-05-10 09:42:00,2023-05-11 11:00:00,2023-05-11 11:00:00,,18000.0,18150,18450,18550,2023-05-11 00:00:00,1,Wednesday,"[7.25, 0.2]","[25.2, 0.3]","[2.05, 2.05]","[0.85, 0.85]",0,,,0,,,Exit,SL hit,Target hit,Exit,-23.05
2023-05-11,13.23,1,Short,09:30:00,09:30:00,09:30:00,09:30:00,18305.15,18200.0,18300,18300,18400,2023-05-11 00:00:00,0,Thursday,7.7,33.8,45.6,9.9,0,67.6,91.2,0,6.76,9.12,,,,,247.2
2023-05-11,,0,Long,2023-05-11 14:19:00,2023-05-11 14:19:00,2023-05-11 14:56:00,2023-05-11 14:56:00,,18200.0,18300,18300,18400,2023-05-11 00:00:00,0,Thursday,"[1.2, 1.2]","[5.6, 5.6]","[5.7, 5.7]","[0.35, 0.35]",0,,,0,,,Exit,Target hit,Target hit,Exit,-39.0
2023-05-12,13.42,1,Short,09:30:00,09:30:00,09:30:00,09:30:00,18233.25,17650.0,17900,18600,18800,2023-05-18 00:00:00,6,Friday,5.35,16.65,7.55,2.55,0,33.3,15.1,0,3.33,1.51,,,,,65.2
2023-05-12,,0,Long,2023-05-16 14:19:00,2023-05-16 14:19:00,2023-05-15 12:40:00,2023-05-15 12:40:00,,17650.0,17900,18600,18800,2023-05-18 00:00:00,6,Friday,"[2.15, 2.15]","[3.25, 3.25]","[15.15, 0.2]","[2.05, 0.15]",0,,,0,,,Exit,Target hit,SL hit,Exit,-17.65
2023-05-15,13.26,1,Short,09:30:00,09:30:00,09:30:00,09:30:00,18350.2,17900.0,18100,18600,18700,2023-05-18 00:00:00,3,Monday,6.6,19.2,8.0,3.05,0,38.4,16.0,0,3.84,1.6,,,,,70.2
2023-05-15,,0,Long,2023-05-17 13:35:00,2023-05-17 13:35:00,2023-05-15 12:48:00,2023-05-15 12:48:00,,17900.0,18100,18600,18700,2023-05-18 00:00:00,3,Monday,"[4.35, 0.15]","[38.45, 0.55]","[16.1, 0.2]","[4.9, 0.2]",0,,,0,,,Exit,SL hit,SL hit,Exit,-46.50000000000001
2023-05-16,13.35,1,Short,09:30:00,09:30:00,09:30:00,09:30:00,18391.7,18000.0,18200,18600,18700,2023-05-18 00:00:00,2,Tuesday,6.5,18.1,9.0,2.95,0,36.2,18.0,0,3.620000000000001,1.8,,,,,70.60000000000001
2023-05-16,,0,Long,2023-05-17 10:43:00,2023-05-17 10:43:00,2023-05-17 14:51:00,2023-05-17 14:51:00,,18000.0,18200,18600,18700,2023-05-18 00:00:00,2,Tuesday,"[4.25, 0.2]","[36.95, 48.0]","[1.8, 1.8]","[1.6, 1.6]",0,,,0,,,Exit,SL hit,Target hit,Exit,-176.9
2023-05-17,13.3,1,Short,09:30:00,09:30:00,09:30:00,09:30:00,18259.5,17950.0,18100,18400,18500,2023-05-18 00:00:00,1,Wednesday,3.5,11.85,14.15,4.8,0,23.7,28.3,0,2.37,2.83,,,,,70.8
2023-05-17,,0,Long,2023-05-17 11:49:00,2023-05-17 11:49:00,2023-05-17 15:29:00,2023-05-17 15:29:00,,17950.0,18100,18400,18500,2023-05-18 00:00:00,1,Wednesday,"[5.05, 0.15]","[25.35, 0.55]","[2.65, 2.65]","[1.7, 1.7]",0,,,0,,,Exit,SL hit,Target hit,Exit,-25.300000000000004
2023-05-18,12.66,1,Short,09:30:00,09:30:00,09:30:00,09:30:00,18272.95,18200.0,18250,18250,18300,2023-05-18 00:00:00,0,Thursday,7.6,18.55,48.45,22.45,0,37.1,96.9,0,3.71,9.69,,,,,147.8
2023-05-18,,0,Long,2023-05-18 09:39:00,2023-05-18 09:39:00,2023-05-18 12:22:00,2023-05-18 12:22:00,,18200.0,18250,18250,18300,2023-05-18 00:00:00,0,Thursday,"[16.45, 48.0]","[37.1, 96.8]","[9.55, 9.55]","[3.7, 3.7]",0,,,0,,,Exit,SL hit,Target hit,Exit,-190.45
2023-05-19,12.63,1,Short,09:30:00,09:30:00,09:30:00,09:30:00,18143.25,17500.0,17800,18500,18750,2023-05-25 00:00:00,6,Friday,3.65,11.2,8.65,2.7,0,22.4,17.3,0,2.24,1.7300000000000002,,,,,54.00000000000001
2023-05-19,,0,Long,2023-05-23 15:06:00,2023-05-23 15:06:00,2023-05-22 12:14:00,2023-05-22 12:14:00,,17500.0,17800,18500,18750,2023-05-25 00:00:00,6,Friday,"[1.45, 1.45]","[2.2, 2.2]","[17.8, 0.3]","[2.15, 0.1]",0,,,0,,,Exit,Target hit,SL hit,Exit,-19.25
2023-05-22,12.61,1,Short,09:30:00,09:30:00,09:30:00,09:30:00,18250.6,17750.0,18000,18500,18650,2023-05-25 00:00:00,3,Monday,4.95,15.15,10.15,2.85,0,30.3,20.3,0,3.03,2.03,,,,,70.0
2023-05-22,,0,Long,2023-05-24 13:28:00,2023-05-24 13:28:00,2023-05-23 09:27:00,2023-05-23 09:27:00,,17750.0,18000,18500,18650,2023-05-25 00:00:00,3,Monday,"[1.25, 1.25]","[3.0, 3.0]","[22.45, 0.3]","[3.3, 0.15]",0,,,0,,,Exit,Target hit,SL hit,Exit,-26.599999999999994
2023-05-23,12.56,1,Short,09:30:00,09:30:00,09:30:00,09:30:00,18379.75,17950.0,18200,18600,18700,2023-05-25 00:00:00,2,Tuesday,5.45,16.3,5.9,2.0,0,32.6,11.8,0,3.26,1.1800000000000002,,,,,59.000000000000014
2023-05-23,,0,Long,2023-05-25 14:23:00,2023-05-25 14:23:00,2023-05-24 15:24:00,2023-05-24 15:24:00,,17950.0,18200,18600,18700,2023-05-25 00:00:00,2,Tuesday,"[0.35, 0.35]","[3.1, 3.1]","[1.1, 1.1]","[1.0, 1.0]",0,,,0,,,Exit,Target hit,Target hit,Exit,-11.400000000000002
2023-05-24,12.58,1,Short,09:30:00,09:30:00,09:30:00,09:30:00,18302.7,18000.0,18150,18450,18550,2023-05-25 00:00:00,1,Wednesday,4.15,11.3,9.4,2.65,0,22.6,18.8,0,2.26,1.88,,,,,55.60000000000001
2023-05-24,,0,Long,2023-05-25 14:10:00,2023-05-25 14:10:00,2023-05-24 10:15:00,2023-05-24 10:15:00,,18000.0,18150,18450,18550,2023-05-25 00:00:00,1,Wednesday,"[0.45, 0.45]","[2.1, 2.1]","[20.7, 0.35]","[4.6, 0.1]",0,,,0,,,Exit,Target hit,SL hit,Exit,-23.450000000000003
2023-05-25,13.01,1,Short,09:30:00,09:30:00,09:30:00,09:30:00,18257.15,18150.0,18250,18250,18350,2023-05-25 00:00:00,0,Thursday,6.65,33.1,40.65,8.1,0,66.2,81.3,0,6.620000000000001,8.13,,,,,236.0
2023-05-25,,0,Long,2023-05-25 14:50:00,2023-05-25 14:50:00,2023-05-25 13:31:00,2023-05-25 13:31:00,,18150.0,18250,18250,18350,2023-05-25 00:00:00,0,Thursday,"[0.35, 0.35]","[5.75, 5.75]","[6.75, 6.75]","[1.05, 1.05]",0,,,0,,,Exit,Target hit,Target hit,Exit,-44.4
2023-05-26,12.04,1,Short,09:30:00,09:30:00,09:30:00,09:30:00,18362.9,17700.0,18000,18700,18900,2023-06-01 00:00:00,6,Friday,3.65,11.25,7.4,2.35,0,22.5,14.8,0,2.25,1.4800000000000002,,,,,50.6
2023-05-26,,0,Long,2023-05-30 15:10:00,2023-05-30 15:10:00,2023-05-26 13:49:00,2023-05-26 13:49:00,,17700.0,18000,18700,18900,2023-06-01 00:00:00,6,Friday,"[1.55, 1.55]","[2.25, 2.25]","[15.05, 0.25]","[3.05, 0.25]",0,,,0,,,Exit,Target hit,SL hit,Exit,-14.8
2023-05-29,12.02,1,Short,09:30:00,09:30:00,09:30:00,09:30:00,18629.15,18150.0,18400,18900,19050,2023-06-01 00:00:00,3,Monday,7.05,20.65,7.9,2.85,0,41.3,15.8,0,4.13,1.58,,,,,74.6
2023-05-29,,0,Long,2023-06-01 09:15:00,2023-06-01 09:15:00,2023-05-31 09:24:00,2023-05-31 09:24:00,,18150.0,18400,18900,19050,2023-06-01 00:00:00,3,Monday,"[1.05, 1.05]","[3.4, 3.4]","[1.5, 1.5]","[1.1, 1.1]",0,,,0,,,Exit,Target hit,Target hit,Exit,-11.0
2023-05-30,11.83,1,Short,09:30:00,09:30:00,09:30:00,09:30:00,18642.35,18200.0,18450,18850,19000,2023-06-01 00:00:00,2,Tuesday,6.25,19.45,8.5,2.55,0,38.9,17.0,0,3.89,1.7000000000000002,,,,,76.6
2023-05-30,,0,Long,2023-06-01 10:36:00,2023-06-01 10:36:00,2023-05-31 10:16:00,2023-05-31 10:16:00,,18200.0,18450,18850,19000,2023-06-01 00:00:00,2,Tuesday,"[0.95, 0.95]","[3.85, 3.85]","[1.7, 1.7]","[1.15, 1.15]",0,,,0,,,Exit,Target hit,Target hit,Exit,-13.800000000000004
2023-05-31,12.0,1,Short,09:30:00,09:30:00,09:30:00,09:30:00,18560.2,18250.0,18400,18700,18800,2023-06-01 00:00:00,1,Wednesday,3.5,10.8,10.95,3.05,0,21.6,21.9,0,2.16,2.19,,,,,60.8
2023-05-31,,0,Long,2023-05-31 11:54:00,2023-05-31 11:54:00,2023-06-01 09:23:00,2023-06-01 09:23:00,,18250.0,18400,18700,18800,2023-06-01 00:00:00,1,Wednesday,"[5.35, 0.15]","[21.85, 0.3]","[2.15, 2.15]","[1.05, 1.05]",0,,,0,,,Exit,SL hit,Target hit,Exit,-21.35
2022-10-03,21.29,1,Short,09:30:00,09:30:00,09:30:00,09:30:00,17033.65,16350.0,16650,17450,17600,2022-10-06 00:00:00,3,Monday,13.35,41.9,15.3,5.2,0,83.8,30.6,0,8.38,3.0600000000000005,,,,,154.60000000000002
2022-10-03,,0,Long,2022-10-04 09:16:00,2022-10-04 09:16:00,2022-10-06 09:15:00,2022-10-06 09:15:00,,16350.0,16650,17450,17600,2022-10-06 00:00:00,3,Monday,"[2.6, 2.6]","[7.05, 7.05]","[35.0, 0.4]","[2.0, 0.15]",0,,,0,,,Exit,Target hit,SL hit,Exit,-51.55
2022-10-04,19.84,1,Short,09:30:00,09:30:00,09:30:00,09:30:00,17216.15,16650.0,16900,17500,17650,2022-10-06 00:00:00,2,Tuesday,6.2,20.2,13.6,4.45,0,40.4,27.2,0,4.04,2.72,,,,,92.6
2022-10-04,,0,Long,2022-10-06 09:15:00,2022-10-06 09:15:00,2022-10-06 12:29:00,2022-10-06 12:29:00,,16650.0,16900,17500,17650,2022-10-06 00:00:00,2,Tuesday,"[1.8, 1.8]","[3.3, 3.3]","[2.5, 2.5]","[0.6, 0.6]",0,,,0,,,Exit,Target hit,Target hit,Exit,-13.599999999999998
2022-10-06,19.84,1,Short,09:30:00,09:30:00,09:30:00,09:30:00,17393.9,17300.0,17400,17400,17500,2022-10-06 00:00:00,0,Thursday,22.85,57.15,49.0,12.55,0,114.3,98.0,0,11.43,9.8,,,,,283.0
2022-10-06,,0,Long,2022-10-06 15:00:00,2022-10-06 15:00:00,2022-10-06 14:10:00,2022-10-06 14:10:00,,17300.0,17400,17400,17500,2022-10-06 00:00:00,0,Thursday,"[0.8, 0.8]","[47.05, 47.05]","[9.25, 9.25]","[0.55, 0.55]",0,,,0,,,Exit,Universal exit,Target hit,Exit,-219.8
2022-10-07,19.37,1,Short,09:30:00,09:30:00,09:30:00,09:30:00,17266.15,16450.0,16750,17750,17950,2022-10-13 00:00:00,6,Friday,7.15,22.8,10.6,3.3,0,45.6,21.2,0,4.5600000000000005,2.12,,,,,91.8
2022-10-07,,0,Long,2022-10-13 09:15:00,2022-10-13 09:15:00,2022-10-11 12:22:00,2022-10-11 12:22:00,,16450.0,16750,17750,17950,2022-10-13 00:00:00,6,Friday,"[0.8, 0.8]","[2.05, 2.05]","[2.05, 2.05]","[1.1, 1.1]",0,,,0,,,Exit,Target hit,Target hit,Exit,-8.799999999999997
2022-10-10,19.85,1,Short,09:30:00,09:30:00,09:30:00,09:30:00,17122.35,16550.0,16750,17450,17600,2022-10-13 00:00:00,3,Monday,9.15,26.2,19.65,7.4,0,52.4,39.3,0,5.24,3.93,,,,,117.19999999999996
2022-10-10,,0,Long,2022-10-12 15:07:00,2022-10-12 15:07:00,2022-10-10 12:18:00,2022-10-10 12:18:00,,16550.0,16750,17450,17600,2022-10-13 00:00:00,3,Monday,"[1.45, 1.45]","[5.0, 5.0]","[42.25, 0.05]","[17.3, 0.05]",0,,,0,,,Exit,Target hit,SL hit,Exit,-39.15
2022-10-11,19.98,1,Short,09:30:00,09:30:00,09:30:00,09:30:00,17191.6,16700.0,16900,17500,17650,2022-10-13 00:00:00,2,Tuesday,9.55,29.3,18.35,5.6,0,58.6,36.7,0,5.86,3.67,,,,,130.00000000000003
2022-10-11,,0,Long,2022-10-11 14:55:00,2022-10-11 14:55:00,2022-10-12 10:06:00,2022-10-12 10:06:00,,16700.0,16900,17500,17650,2022-10-13 00:00:00,2,Tuesday,"[16.7, 0.1]","[59.15, 0.4]","[3.4, 3.4]","[1.9, 1.9]",0,,,0,,,Exit,SL hit,Target hit,Exit,-49.35000000000001
2022-10-12,20.43,1,Short,09:30:00,09:30:00,09:30:00,09:30:00,17053.45,16700.0,16850,17250,17400,2022-10-13 00:00:00,1,Wednesday,9.65,29.9,28.0,9.95,0,59.8,56.0,0,5.98,5.6000000000000005,,,,,153.2
2022-10-12,,0,Long,2022-10-13 09:22:00,2022-10-13 09:22:00,2022-10-13 09:22:00,2022-10-13 09:22:00,,16700.0,16850,17250,17400,2022-10-13 00:00:00,1,Wednesday,"[1.35, 1.35]","[5.8, 5.8]","[5.35, 5.35]","[1.25, 1.25]",0,,,0,,,Exit,Target hit,Target hit,Exit,-34.2
2022-10-13,20.45,1,Short,09:30:00,09:30:00,09:30:00,09:30:00,17089.1,17000.0,17100,17100,17200,2022-10-13 00:00:00,0,Thursday,24.8,61.75,44.95,12.1,0,123.5,89.9,0,12.35,8.99,,,,,279.20000000000005
2022-10-13,,0,Long,2022-10-13 11:22:00,2022-10-13 11:22:00,2022-10-13 11:44:00,2022-10-13 11:44:00,,17000.0,17100,17100,17200,2022-10-13 00:00:00,0,Thursday,"[54.8, 2.2]","[125.05, 64.4]","[8.15, 8.15]","[2.4, 2.4]",0,,,0,,,Exit,SL hit,Target hit,Exit,-279.85
2022-10-14,18.68,1,Short,09:30:00,09:30:00,09:30:00,09:30:00,17289.6,16500.0,16800,17800,18000,2022-10-20 00:00:00,6,Friday,7.35,22.6,12.35,4.05,0,45.2,24.7,0,4.5200000000000005,2.47,,,,,94.20000000000002
2022-10-14,,0,Long,2022-10-18 09:16:00,2022-10-18 09:16:00,2022-10-17 09:59:00,2022-10-17 09:59:00,,16500.0,16800,17800,18000,2022-10-20 00:00:00,6,Friday,"[2.35, 2.35]","[4.45, 4.45]","[2.45, 2.45]","[1.65, 1.65]",0,,,0,,,Exit,Target hit,Target hit,Exit,-11.6
2022-10-17,18.99,1,Short,09:30:00,09:30:00,09:30:00,09:30:00,17124.5,16550.0,16750,17450,17600,2022-10-20 00:00:00,3,Monday,8.45,23.95,21.75,7.55,0,47.9,43.5,0,4.79,4.3500000000000005,,,,,118.8
2022-10-17,,0,Long,2022-10-18 09:15:00,2022-10-18 09:15:00,2022-10-17 10:20:00,2022-10-17 10:20:00,,16550.0,16750,17450,17600,2022-10-20 00:00:00,3,Monday,"[3.15, 3.15]","[3.4, 3.4]","[44.55, 74.55]","[16.3, 0.35]",0,,,0,,,Exit,Target hit,SL hit,Exit,-251.85
2022-10-18,17.82,1,Short,09:30:00,09:30:00,09:30:00,09:30:00,17478.8,16900.0,17200,17800,17950,2022-10-20 00:00:00,2,Tuesday,8.75,27.85,6.75,2.15,0,55.7,13.5,0,5.57,1.35,,,,,94.8
2022-10-18,,0,Long,2022-10-19 14:23:00,2022-10-19 14:23:00,2022-10-20 09:15:00,2022-10-20 09:15:00,,16900.0,17200,17800,17950,2022-10-20 00:00:00,2,Tuesday,"[1.9, 1.9]","[5.3, 5.3]","[0.9, 0.9]","[0.75, 0.75]",0,,,0,,,Exit,Target hit,Target hit,Exit,-14.199999999999998
2022-10-19,17.15,1,Short,09:30:00,09:30:00,09:30:00,09:30:00,17559.3,17150.0,17350,17750,17850,2022-10-20 00:00:00,1,Wednesday,6.2,19.05,10.1,3.4,0,38.1,20.2,0,3.810000000000001,2.02,,,,,78.19999999999999
2022-10-19,,0,Long,2022-10-20 12:19:00,2022-10-20 12:19:00,2022-10-20 09:15:00,2022-10-20 09:15:00,,17150.0,17350,17750,17850,2022-10-20 00:00:00,1,Wednesday,"[0.9, 0.9]","[3.7, 3.7]","[0.9, 0.9]","[1.3, 1.3]",0,,,0,,,Exit,Target hit,Target hit,Exit,-9.6
2022-10-20,17.57,1,Short,09:30:00,09:30:00,09:30:00,09:30:00,17445.85,17350.0,17450,17450,17550,2022-10-20 00:00:00,0,Thursday,16.0,53.45,33.65,7.95,0,106.9,67.3,0,10.69,6.73,,,,,252.6
2022-10-20,,0,Long,2022-10-20 13:03:00,2022-10-20 13:03:00,2022-10-20 10:45:00,2022-10-20 10:45:00,,17350.0,17450,17450,17550,2022-10-20 00:00:00,0,Thursday,"[2.0, 2.0]","[10.3, 10.3]","[68.95, 74.55]","[18.4, 2.2]",0,,,0,,,Exit,Target hit,SL hit,Exit,-300.79999999999995
2022-10-21,16.84,1,Short,09:30:00,09:30:00,09:30:00,09:30:00,17647.15,16850.0,17200,18100,18400,2022-10-27 00:00:00,6,Friday,5.5,17.35,5.15,1.7,0,34.7,10.3,0,3.4700000000000006,1.03,,,,,61.2
2022-10-21,,0,Long,2022-10-21 14:30:00,2022-10-21 14:30:00,2022-10-27 09:18:00,2022-10-27 09:18:00,,16850.0,17200,18100,18400,2022-10-27 00:00:00,6,Friday,"[8.15, 0.1]","[34.75, 0.1]","[0.95, 0.95]","[0.65, 0.65]",0,,,0,,,Exit,SL hit,Target hit,Exit,-27.799999999999997
2022-10-25,17.42,1,Short,09:30:00,09:30:00,09:30:00,09:30:00,17740.1,17300.0,17500,18000,18100,2022-10-27 00:00:00,2,Tuesday,4.85,15.3,6.05,2.15,0,30.6,12.1,0,3.0600000000000005,1.21,,,,,57.400000000000006
2022-10-25,,0,Long,2022-10-27 09:16:00,2022-10-27 09:16:00,2022-10-27 09:35:00,2022-10-27 09:35:00,,17300.0,17500,18000,18100,2022-10-27 00:00:00,2,Tuesday,"[1.0, 1.0]","[1.85, 1.85]","[1.2, 1.2]","[0.8, 0.8]",0,,,0,,,Exit,Target hit,Target hit,Exit,-5.000000000000001
2022-10-27,16.67,1,Short,09:30:00,09:30:00,09:30:00,09:30:00,17764.85,17650.0,17750,17750,17850,2022-10-27 00:00:00,0,Thursday,8.5,32.05,53.7,12.65,0,64.1,107.4,0,6.41,10.740000000000002,,,,,258.4
2022-10-27,,0,Long,2022-10-27 12:26:00,2022-10-27 12:26:00,2022-10-27 12:26:00,2022-10-27 12:26:00,,17650.0,17750,17750,17850,2022-10-27 00:00:00,0,Thursday,"[13.15, 7.45]","[64.2, 83.6]","[9.95, 9.95]","[1.35, 1.35]",0,,,0,,,Exit,SL hit,Target hit,Exit,-313.9
2022-10-28,16.39,1,Short,09:30:00,09:30:00,09:30:00,09:30:00,17795.7,17100.0,17350,18250,18450,2022-11-03 00:00:00,6,Friday,7.3,20.6,7.05,2.2,0,41.2,14.1,0,4.12,1.41,,,,,72.60000000000001
2022-10-28,,0,Long,2022-10-31 15:28:00,2022-10-31 15:28:00,2022-10-31 12:27:00,2022-10-31 12:27:00,,17100.0,17350,18250,18450,2022-11-03 00:00:00,6,Friday,"[2.05, 2.05]","[4.1, 4.1]","[14.35, 0.2]","[2.15, 0.1]",0,,,0,,,Exit,Target hit,SL hit,Exit,-20.7
2022-10-31,15.95,1,Short,09:30:00,09:30:00,09:30:00,09:30:00,17953.2,17400.0,17650,18250,18350,2022-11-03 00:00:00,3,Monday,7.3,23.7,11.6,4.45,0,47.4,23.2,0,4.74,2.32,,,,,94.2
2022-10-31,,0,Long,2022-11-02 09:15:00,2022-11-02 09:15:00,2022-11-01 09:15:00,2022-11-01 09:15:00,,17400.0,17650,18250,18350,2022-11-03 00:00:00,3,Monday,"[2.2, 2.2]","[3.3, 3.3]","[25.05, 0.2]","[7.1, 0.1]",0,,,0,,,Exit,Target hit,SL hit,Exit,-22.65
2022-11-01,15.56,1,Short,09:30:00,09:30:00,09:30:00,09:30:00,18121.4,17600.0,17850,18350,18450,2022-11-03 00:00:00,2,Tuesday,7.3,22.2,11.35,3.85,0,44.4,22.7,0,4.44,2.27,,,,,89.6
2022-11-01,,0,Long,2022-11-03 09:46:00,2022-11-03 09:46:00,2022-11-01 10:13:00,2022-11-01 10:13:00,,17600.0,17850,18350,18450,2022-11-03 00:00:00,2,Tuesday,"[0.95, 0.95]","[4.25, 4.25]","[23.15, 0.1]","[9.75, 0.1]",0,,,0,,,Exit,Target hit,SL hit,Exit,-26.6
2022-11-02,16.35,1,Short,09:30:00,09:30:00,09:30:00,09:30:00,18130.5,17750.0,17950,18350,18450,2022-11-03 00:00:00,1,Wednesday,7.65,27.25,13.4,4.65,0,54.5,26.8,0,5.45,2.68,,,,,113.4
2022-11-02,,0,Long,2022-11-03 11:16:00,2022-11-03 11:16:00,2022-11-03 09:15:00,2022-11-03 09:15:00,,17750.0,17950,18350,18450,2022-11-03 00:00:00,1,Wednesday,"[1.0, 1.0]","[4.8, 4.8]","[1.55, 1.55]","[1.35, 1.35]",0,,,0,,,Exit,Target hit,Target hit,Exit,-15.999999999999998
2022-11-03,16.57,1,Short,09:30:00,09:30:00,09:30:00,09:30:00,18038.2,17950.0,18050,18050,18150,2022-11-03 00:00:00,0,Thursday,22.15,59.3,40.15,9.6,0,118.6,80.3,0,11.86,8.03,,,,,270.79999999999995
2022-11-03,,0,Long,2022-11-03 15:00:00,2022-11-03 15:00:00,2022-11-03 13:57:00,2022-11-03 13:57:00,,17950.0,18050,18050,18150,2022-11-03 00:00:00,0,Thursday,"[0.8, 0.8]","[17.35, 17.35]","[7.9, 7.9]","[0.65, 0.65]",0,,,0,,,Exit,Universal exit,Target hit,Exit,-95.2
2022-11-04,15.67,1,Short,09:30:00,09:30:00,09:30:00,09:30:00,18084.45,17400.0,17650,18550,18700,2022-11-10 00:00:00,6,Friday,5.75,16.5,6.8,2.3,0,33.0,13.6,0,3.3000000000000003,1.36,,,,,61.0
2022-11-04,,0,Long,2022-11-07 14:59:00,2022-11-07 14:59:00,2022-11-09 15:14:00,2022-11-09 15:14:00,,17400.0,17650,18550,18700,2022-11-10 00:00:00,6,Friday,"[1.55, 1.55]","[3.3, 3.3]","[1.35, 1.35]","[1.0, 1.0]",0,,,0,,,Exit,Target hit,Target hit,Exit,-8.399999999999999
2022-11-07,15.82,1,Short,09:30:00,09:30:00,09:30:00,09:30:00,18200.15,17650.0,17900,18500,18650,2022-11-10 00:00:00,3,Monday,4.95,15.65,10.55,3.0,0,31.3,21.1,0,3.1300000000000003,2.1100000000000003,,,,,73.00000000000001
2022-11-07,,0,Long,2022-11-07 13:30:00,2022-11-07 13:30:00,2022-11-09 15:09:00,2022-11-09 15:09:00,,17650.0,17900,18500,18650,2022-11-10 00:00:00,3,Monday,"[7.3, 0.05]","[36.25, 0.25]","[2.1, 2.1]","[1.1, 1.1]",0,,,0,,,Exit,SL hit,Target hit,Exit,-33.55
2022-11-09,15.67,1,Short,09:30:00,09:30:00,09:30:00,09:30:00,18231.7,17900.0,18050,18450,18550,2022-11-10 00:00:00,1,Wednesday,5.1,15.55,6.6,2.4,0,31.1,13.2,0,3.1100000000000003,1.32,,,,,58.6
2022-11-09,,0,Long,2022-11-10 09:15:00,2022-11-10 09:15:00,2022-11-10 09:16:00,2022-11-10 09:16:00,,17900.0,18050,18450,18550,2022-11-10 00:00:00,1,Wednesday,"[4.85, 0.25]","[45.0, 33.8]","[0.95, 0.95]","[0.8, 0.8]",0,,,0,,,Exit,SL hit,Target hit,Exit,-141.39999999999998
2022-11-10,16.07,1,Short,09:30:00,09:30:00,09:30:00,09:30:00,18060.3,18000.0,18050,18050,18150,2022-11-10 00:00:00,0,Thursday,14.0,29.8,47.0,10.95,0,59.6,94.0,0,5.960000000000001,9.4,,,,,207.4
2022-11-10,,0,Long,2022-11-10 12:29:00,2022-11-10 12:29:00,2022-11-10 12:42:00,2022-11-10 12:42:00,,18000.0,18050,18050,18150,2022-11-10 00:00:00,0,Thursday,"[27.65, 5.65]","[60.2, 33.8]","[8.75, 8.75]","[1.8, 1.8]",0,,,0,,,Exit,SL hit,Target hit,Exit,-144.79999999999998
2022-11-11,14.85,1,Short,09:30:00,09:30:00,09:30:00,09:30:00,18299.3,17650.0,17900,18700,18900,2022-11-17 00:00:00,6,Friday,4.55,13.4,11.45,3.5,0,26.8,22.9,0,2.68,2.29,,,,,67.2
2022-11-11,,0,Long,2022-11-16 09:15:00,2022-11-16 09:15:00,2022-11-16 09:16:00,2022-11-16 09:16:00,,17650.0,17900,18700,18900,2022-11-17 00:00:00,6,Friday,"[1.8, 1.8]","[1.6, 1.6]","[1.8, 1.8]","[1.05, 1.05]",0,,,0,,,Exit,Target hit,Target hit,Exit,-2.200000000000001
2022-11-14,14.55,1,Short,09:30:00,09:30:00,09:30:00,09:30:00,18384.35,17900.0,18100,18700,18850,2022-11-17 00:00:00,3,Monday,7.25,20.0,8.15,2.65,0,40.0,16.3,0,4.0,1.63,,,,,73.0
2022-11-14,,0,Long,2022-11-16 14:57:00,2022-11-16 14:57:00,2022-11-16 14:09:00,2022-11-16 14:09:00,,17900.0,18100,18700,18850,2022-11-17 00:00:00,3,Monday,"[1.45, 1.45]","[3.65, 3.65]","[1.6, 1.6]","[0.9, 0.9]",0,,,0,,,Exit,Target hit,Target hit,Exit,-11.6
2022-11-15,14.87,1,Short,09:30:00,09:30:00,09:30:00,09:30:00,18330.05,17900.0,18100,18600,18750,2022-11-17 00:00:00,2,Tuesday,4.05,13.6,7.8,2.6,0,27.2,15.6,0,2.72,1.56,,,,,58.99999999999999
2022-11-15,,0,Long,2022-11-16 15:30:00,2022-11-16 15:30:00,2022-11-17 09:16:00,2022-11-17 09:16:00,,17900.0,18100,18600,18750,2022-11-17 00:00:00,2,Tuesday,"[1.7, 1.7]","[2.0, 2.0]","[1.05, 1.05]","[0.7, 0.7]",0,,,0,,,Exit,Target hit,Target hit,Exit,-2.6
2022-11-16,14.72,1,Short,09:30:00,09:30:00,09:30:00,09:30:00,18367.85,18050.0,18200,18500,18600,2022-11-17 00:00:00,1,Wednesday,5.2,16.25,17.1,4.55,0,32.5,34.2,0,3.25,3.4200000000000004,,,,,94.4
2022-11-16,,0,Long,2022-11-17 09:16:00,2022-11-17 09:16:00,2022-11-16 10:52:00,2022-11-16 10:52:00,,18050.0,18200,18500,18600,2022-11-17 00:00:00,1,Wednesday,"[1.1, 1.1]","[3.15, 3.15]","[35.6, 0.2]","[10.35, 0.1]",0,,,0,,,Exit,Target hit,SL hit,Exit,-33.75
2022-11-17,15.24,1,Short,09:30:00,09:30:00,09:30:00,09:30:00,18387.9,18300.0,18400,18400,18450,2022-11-17 00:00:00,0,Thursday,9.9,42.1,28.1,11.05,0,84.2,56.2,0,8.42,5.620000000000001,,,,,197.0
2022-11-17,,0,Long,2022-11-17 15:00:00,2022-11-17 15:00:00,2022-11-17 15:00:00,2022-11-17 15:00:00,,18300.0,18400,18400,18450,2022-11-17 00:00:00,0,Thursday,"[0.6, 0.6]","[19.5, 19.5]","[5.55, 5.55]","[0.45, 0.45]",0,,,0,,,Exit,Universal exit,Target hit,Exit,-96.0
2022-11-18,14.54,1,Short,09:30:00,09:30:00,09:30:00,09:30:00,18326.55,17700.0,17950,18750,19000,2022-11-24 00:00:00,6,Friday,4.4,14.0,7.9,2.6,0,28.0,15.8,0,2.8000000000000003,1.58,,,,,59.6
2022-11-18,,0,Long,2022-11-23 09:15:00,2022-11-23 09:15:00,2022-11-22 11:20:00,2022-11-22 11:20:00,,17700.0,17950,18750,19000,2022-11-24 00:00:00,6,Friday,"[1.8, 1.8]","[2.5, 2.5]","[1.55, 1.55]","[1.3, 1.3]",0,,,0,,,Exit,Target hit,Target hit,Exit,-3.799999999999999
2022-11-21,15.13,1,Short,09:30:00,09:30:00,09:30:00,09:30:00,18174.45,17650.0,17850,18450,18600,2022-11-24 00:00:00,3,Monday,3.0,9.0,16.4,6.1,0,18.0,32.8,0,1.8,3.28,,,,,65.19999999999999
2022-11-21,,0,Long,2022-11-23 09:15:00,2022-11-23 09:15:00,2022-11-23 15:22:00,2022-11-23 15:22:00,,17650.0,17850,18450,18600,2022-11-24 00:00:00,3,Monday,"[1.6, 1.6]","[1.05, 1.05]","[3.25, 3.25]","[1.45, 1.45]",0,,,0,,,Exit,Target hit,Target hit,Exit,-5.000000000000002
2022-11-22,16.11,1,Short,09:30:00,09:30:00,09:30:00,09:30:00,18153.1,17700.0,17900,18400,18550,2022-11-24 00:00:00,2,Tuesday,2.5,7.95,12.05,4.2,0,15.9,24.1,0,1.59,2.41,,,,,53.2
2022-11-22,,0,Long,2022-11-23 14:28:00,2022-11-23 14:28:00,2022-11-24 15:00:00,2022-11-24 15:00:00,,17700.0,17900,18400,18550,2022-11-24 00:00:00,2,Tuesday,"[0.95, 0.95]","[1.55, 1.55]","[15.0, 15.0]","[0.25, 0.25]",0,,,0,,,Exit,Target hit,Universal exit,Exit,-61.400000000000006
2022-11-23,12.91,1,Short,09:30:00,09:30:00,09:30:00,09:30:00,18299.5,17950.0,18150,18450,18550,2022-11-24 00:00:00,1,Wednesday,2.7,9.2,9.5,2.6,0,18.4,19.0,0,1.84,1.9,,,,,53.6
2022-11-23,,0,Long,2022-11-24 09:31:00,2022-11-24 09:31:00,2022-11-24 09:16:00,2022-11-24 09:16:00,,17950.0,18150,18450,18550,2022-11-24 00:00:00,1,Wednesday,"[0.85, 0.85]","[1.8, 1.8]","[1.8, 1.8]","[1.05, 1.05]",0,,,0,,,Exit,Target hit,Target hit,Exit,-6.800000000000001
2022-11-24,13.66,1,Short,09:30:00,09:30:00,09:30:00,09:30:00,18303.25,18250.0,18300,18300,18350,2022-11-24 00:00:00,0,Thursday,9.15,23.55,30.7,10.95,0,47.1,61.4,0,4.71,6.140000000000001,,,,,136.6
2022-11-24,,0,Long,2022-11-24 12:08:00,2022-11-24 12:08:00,2022-11-24 10:10:00,2022-11-24 10:10:00,,18250.0,18300,18300,18350,2022-11-24 00:00:00,0,Thursday,"[1.9, 1.9]","[4.25, 4.25]","[63.5, 105.2]","[27.85, 56.15]",0,,,0,,,Exit,Target hit,SL hit,Exit,-192.20000000000005
2022-11-25,13.56,1,Short,09:30:00,09:30:00,09:30:00,09:30:00,18474.95,17600.0,18050,18850,19050,2022-12-01 00:00:00,6,Friday,2.75,8.45,8.6,2.85,0,16.9,17.2,0,1.69,1.72,,,,,45.79999999999999
2022-11-25,,0,Long,2022-11-30 09:15:00,2022-11-30 09:15:00,2022-12-01 09:15:00,2022-12-01 09:15:00,,17600.0,18050,18850,19050,2022-12-01 00:00:00,6,Friday,"[1.0, 1.0]","[1.55, 1.55]","[33.0, 12.1]","[2.05, 0.4]",0,,,0,,,Exit,Target hit,SL hit,Exit,-68.25
2022-11-28,13.59,1,Short,09:30:00,09:30:00,09:30:00,09:30:00,18519.8,18000.0,18250,18750,18900,2022-12-01 00:00:00,3,Monday,5.25,16.6,15.3,4.2,0,33.2,30.6,0,3.3200000000000003,3.0600000000000005,,,,,89.80000000000001
2022-11-28,,0,Long,2022-11-30 09:15:00,2022-11-30 09:15:00,2022-11-29 12:10:00,2022-11-29 12:10:00,,18000.0,18250,18750,18900,2022-12-01 00:00:00,3,Monday,"[2.0, 2.0]","[3.1, 3.1]","[30.85, 93.25]","[5.55, 2.35]",0,,,0,,,Exit,Target hit,SL hit,Exit,-302.40000000000003
2022-11-29,13.5,1,Short,09:30:00,09:30:00,09:30:00,09:30:00,18620.45,18150.0,18400,18800,18900,2022-12-01 00:00:00,2,Tuesday,5.4,17.4,14.8,5.2,0,34.8,29.6,0,3.48,2.9600000000000004,,,,,86.4
2022-11-29,,0,Long,2022-12-01 09:15:00,2022-12-01 09:15:00,2022-11-30 15:21:00,2022-11-30 15:21:00,,18150.0,18400,18800,18900,2022-12-01 00:00:00,2,Tuesday,"[1.0, 1.0]","[1.9, 1.9]","[32.0, 46.25]","[7.4, 2.35]",0,,,0,,,Exit,Target hit,SL hit,Exit,-159.89999999999998
2022-11-30,13.48,1,Short,09:30:00,09:30:00,09:30:00,09:30:00,18656.6,18350.0,18500,18800,18900,2022-12-01 00:00:00,1,Wednesday,4.8,13.2,8.65,2.8,0,26.4,17.3,0,2.64,1.7300000000000002,,,,,57.00000000000001
2022-11-30,,0,Long,2022-12-01 09:16:00,2022-12-01 09:16:00,2022-11-30 15:11:00,2022-11-30 15:11:00,,18350.0,18500,18800,18900,2022-12-01 00:00:00,1,Wednesday,"[1.35, 1.35]","[1.8, 1.8]","[18.5, 46.25]","[3.7, 2.35]",0,,,0,,,Exit,Target hit,SL hit,Exit,-148.3
2022-12-01,13.57,1,Short,09:30:00,09:30:00,09:30:00,09:30:00,18855.4,18750.0,18850,18850,18950,2022-12-01 00:00:00,0,Thursday,6.7,30.25,38.2,7.15,0,60.5,76.4,0,6.050000000000001,7.640000000000001,,,,,218.4
2022-12-01,,0,Long,2022-12-01 13:35:00,2022-12-01 13:35:00,2022-12-01 13:56:00,2022-12-01 13:56:00,,18750.0,18850,18850,18950,2022-12-01 00:00:00,0,Thursday,"[11.35, 1.45]","[61.7, 21.25]","[7.35, 7.35]","[2.05, 2.05]",0,,,0,,,Exit,SL hit,Target hit,Exit,-130.95
2022-12-02,13.4,1,Short,09:30:00,09:30:00,09:30:00,09:30:00,18728.9,18050.0,18350,19150,19350,2022-12-08 00:00:00,6,Friday,4.4,13.1,10.4,3.35,0,26.2,20.8,0,2.62,2.08,,,,,63.0
2022-12-02,,0,Long,2022-12-08 09:15:00,2022-12-08 09:15:00,2022-12-06 15:25:00,2022-12-06 15:25:00,,18050.0,18350,19150,19350,2022-12-08 00:00:00,6,Friday,"[0.8, 0.8]","[2.5, 2.5]","[2.0, 2.0]","[0.95, 0.95]",0,,,0,,,Exit,Target hit,Target hit,Exit,-11.0
2022-12-05,13.72,1,Short,09:30:00,09:30:00,09:30:00,09:30:00,18653.95,18100.0,18350,18950,19100,2022-12-08 00:00:00,3,Monday,3.55,11.15,18.25,6.7,0,22.3,36.5,0,2.23,3.65,,,,,76.6
2022-12-05,,0,Long,2022-12-08 09:16:00,2022-12-08 09:16:00,2022-12-07 12:45:00,2022-12-07 12:45:00,,18100.0,18350,18950,19100,2022-12-08 00:00:00,3,Monday,"[0.75, 0.75]","[1.65, 1.65]","[3.5, 3.5]","[2.2, 2.2]",0,,,0,,,Exit,Target hit,Target hit,Exit,-8.8
2022-12-06,13.92,1,Short,09:30:00,09:30:00,09:30:00,09:30:00,18611.05,18150.0,18350,18850,19050,2022-12-08 00:00:00,2,Tuesday,3.45,10.85,21.85,6.6,0,21.7,43.7,0,2.17,4.37,,,,,90.6
2022-12-06,,0,Long,2022-12-08 09:16:00,2022-12-08 09:16:00,2022-12-07 15:14:00,2022-12-07 15:14:00,,18150.0,18350,18850,19050,2022-12-08 00:00:00,2,Tuesday,"[0.75, 0.75]","[1.65, 1.65]","[4.35, 4.35]","[1.85, 1.85]",0,,,0,,,Exit,Target hit,Target hit,Exit,-13.599999999999996
2022-12-07,13.99,1,Short,09:30:00,09:30:00,09:30:00,09:30:00,18618.5,18300.0,18450,18750,18900,2022-12-08 00:00:00,1,Wednesday,4.95,16.55,28.6,8.35,0,33.1,57.2,0,3.3100000000000005,5.720000000000001,,,,,127.40000000000002
2022-12-07,,0,Long,2022-12-08 09:56:00,2022-12-08 09:56:00,2022-12-08 09:16:00,2022-12-08 09:16:00,,18300.0,18450,18750,18900,2022-12-08 00:00:00,1,Wednesday,"[1.0, 1.0]","[3.15, 3.15]","[4.1, 4.1]","[1.4, 1.4]",0,,,0,,,Exit,Target hit,Target hit,Exit,-19.4
2022-12-08,13.86,1,Short,09:30:00,09:30:00,09:30:00,09:30:00,18570.45,18500.0,18550,18550,18650,2022-12-08 00:00:00,0,Thursday,11.3,24.9,54.55,13.2,0,49.8,109.1,0,4.98,10.91,,,,,219.79999999999995
2022-12-08,,0,Long,2022-12-08 14:17:00,2022-12-08 14:17:00,2022-12-08 15:00:00,2022-12-08 15:00:00,,18500.0,18550,18550,18650,2022-12-08 00:00:00,0,Thursday,"[1.65, 1.65]","[4.9, 4.9]","[53.45, 53.45]","[2.25, 2.25]",0,,,0,,,Exit,Target hit,Universal exit,Exit,-217.8
2022-12-09,13.14,1,Short,09:30:00,09:30:00,09:30:00,09:30:00,18624.95,17850.0,18250,18950,19100,2022-12-15 00:00:00,6,Friday,2.65,8.05,14.0,4.35,0,16.1,28.0,0,1.6100000000000003,2.8000000000000003,,,,,60.2
2022-12-09,,0,Long,2022-12-09 11:18:00,2022-12-09 11:18:00,2022-12-14 11:02:00,2022-12-14 11:02:00,,17850.0,18250,18950,19100,2022-12-15 00:00:00,6,Friday,"[3.65, 0.05]","[16.3, 0.3]","[2.8, 2.8]","[1.3, 1.3]",0,,,0,,,Exit,SL hit,Target hit,Exit,-19.4
2022-12-12,13.93,1,Short,09:30:00,09:30:00,09:30:00,09:30:00,18354.55,17800.0,18050,18650,18850,2022-12-15 00:00:00,3,Monday,3.7,10.5,19.2,6.25,0,21.0,38.4,0,2.1,3.84,,,,,79.0
2022-12-12,,0,Long,2022-12-14 09:15:00,2022-12-14 09:15:00,2022-12-12 09:46:00,2022-12-12 09:46:00,,17800.0,18050,18650,18850,2022-12-15 00:00:00,3,Monday,"[1.35, 1.35]","[1.95, 1.95]","[38.5, 0.5]","[10.6, 0.4]",0,,,0,,,Exit,Target hit,SL hit,Exit,-30.6
2022-12-13,13.37,1,Short,09:30:00,09:30:00,09:30:00,09:30:00,18534.05,18150.0,18350,18750,18900,2022-12-15 00:00:00,2,Tuesday,5.3,18.4,17.7,5.8,0,36.8,35.4,0,3.68,3.54,,,,,99.99999999999996
2022-12-13,,0,Long,2022-12-14 14:55:00,2022-12-14 14:55:00,2022-12-14 09:22:00,2022-12-14 09:22:00,,18150.0,18350,18750,18900,2022-12-15 00:00:00,2,Tuesday,"[1.5, 1.5]","[3.6, 3.6]","[40.0, 0.45]","[7.25, 0.35]",0,,,0,,,Exit,Target hit,SL hit,Exit,-41.45
2022-12-14,12.6,1,Short,09:30:00,09:30:00,09:30:00,09:30:00,18674.75,18300.0,18500,18800,18900,2022-12-15 00:00:00,1,Wednesday,4.75,13.7,21.5,6.4,0,27.4,43.0,0,2.74,4.3,,,,,96.20000000000002
2022-12-14,,0,Long,2022-12-15 14:37:00,2022-12-15 14:37:00,2022-12-15 09:16:00,2022-12-15 09:16:00,,18300.0,18500,18800,18900,2022-12-15 00:00:00,1,Wednesday,"[0.3, 0.35]","[33.2, 59.9]","[2.25, 2.25]","[1.1, 1.1]",0,,,0,,,Exit,SL hit,Target hit,Exit,-216.15
2022-12-15,12.74,1,Short,09:30:00,09:30:00,09:30:00,09:30:00,18612.1,18550.0,18600,18600,18650,2022-12-15 00:00:00,0,Thursday,12.3,28.55,41.5,18.9,0,57.1,83.0,0,5.710000000000001,8.3,,,,,155.39999999999998
2022-12-15,,0,Long,2022-12-15 12:11:00,2022-12-15 12:11:00,2022-12-15 12:31:00,2022-12-15 12:31:00,,18550.0,18600,18600,18650,2022-12-15 00:00:00,0,Thursday,"[24.9, 108.75]","[58.2, 158.5]","[7.95, 7.95]","[3.6, 3.6]",0,,,0,,,Exit,SL hit,Target hit,Exit,-199.95
2022-12-16,13.66,1,Short,09:30:00,09:30:00,09:30:00,09:30:00,18406.15,17650.0,18000,18800,19050,2022-12-22 00:00:00,6,Friday,5.3,17.0,10.1,3.45,0,34.0,20.2,0,3.4000000000000004,2.02,,,,,73.4
2022-12-16,,0,Long,2022-12-21 09:15:00,2022-12-21 09:15:00,2022-12-22 09:15:00,2022-12-22 09:15:00,,17650.0,18000,18800,19050,2022-12-22 00:00:00,6,Friday,"[1.9, 1.9]","[3.4, 3.4]","[1.55, 1.55]","[1.4, 1.4]",0,,,0,,,Exit,Target hit,Target hit,Exit,-6.599999999999998
2022-12-19,14.25,1,Short,09:30:00,09:30:00,09:30:00,09:30:00,18278.55,17750.0,18000,18600,18800,2022-12-22 00:00:00,3,Monday,5.2,16.55,15.45,5.0,0,33.1,30.9,0,3.3100000000000005,3.09,,,,,87.2
2022-12-19,,0,Long,2022-12-21 09:18:00,2022-12-21 09:18:00,2022-12-19 15:02:00,2022-12-19 15:02:00,,17750.0,18000,18600,18800,2022-12-22 00:00:00,3,Monday,"[2.05, 2.05]","[3.25, 3.25]","[30.95, 0.35]","[5.2, 0.25]",0,,,0,,,Exit,Target hit,SL hit,Exit,-30.85
2022-12-20,13.96,1,Short,09:30:00,09:30:00,09:30:00,09:30:00,18295.0,17850.0,18050,18550,18750,2022-12-22 00:00:00,2,Tuesday,4.35,14.8,13.2,3.95,0,29.6,26.4,0,2.9600000000000004,2.64,,,,,78.8
2022-12-20,,0,Long,2022-12-20 09:38:00,2022-12-20 09:38:00,2022-12-21 09:21:00,2022-12-21 09:21:00,,17850.0,18050,18550,18750,2022-12-22 00:00:00,2,Tuesday,"[9.65, 0.25]","[33.0, 3.55]","[27.5, 0.35]","[3.65, 0.15]",0,,,0,,,Exit,SL hit,SL hit,Exit,-57.69999999999999
2022-12-21,13.61,1,Short,09:30:00,09:30:00,09:30:00,09:30:00,18453.3,18100.0,18300,18600,18700,2022-12-22 00:00:00,1,Wednesday,4.8,14.0,13.75,4.75,0,28.0,27.5,0,2.8000000000000003,2.75,,,,,72.8
2022-12-21,,0,Long,2022-12-21 09:52:00,2022-12-21 09:52:00,2022-12-22 09:16:00,2022-12-22 09:16:00,,18100.0,18300,18600,18700,2022-12-22 00:00:00,1,Wednesday,"[7.55, 14.7]","[28.8, 192.3]","[2.4, 2.4]","[1.9, 1.9]",0,,,0,,,Exit,SL hit,Target hit,Exit,-556.0500000000001
2022-12-22,15.66,1,Short,09:30:00,09:30:00,09:30:00,09:30:00,18199.0,18050.0,18200,18200,18300,2022-12-22 00:00:00,0,Thursday,14.05,54.1,65.75,24.15,0,108.2,131.5,0,10.82,13.15,,,,,326.6
2022-12-22,,0,Long,2022-12-22 11:47:00,2022-12-22 11:47:00,2022-12-22 11:47:00,2022-12-22 11:47:00,,18050.0,18200,18200,18300,2022-12-22 00:00:00,0,Thursday,"[25.45, 3.55]","[115.45, 93.45]","[12.55, 12.55]","[5.3, 5.3]",0,,,0,,,Exit,SL hit,Target hit,Exit,-388.7
2022-12-23,16.07,1,Short,09:30:00,09:30:00,09:30:00,09:30:00,17977.25,17150.0,17550,18450,18650,2022-12-29 00:00:00,6,Friday,9.45,28.05,17.35,6.15,0,56.1,34.7,0,5.61,3.4700000000000006,,,,,119.20000000000002
2022-12-23,,0,Long,2022-12-27 12:19:00,2022-12-27 12:19:00,2022-12-28 09:15:00,2022-12-28 09:15:00,,17150.0,17550,18450,18650,2022-12-29 00:00:00,6,Friday,"[2.05, 2.05]","[5.55, 5.55]","[3.05, 3.05]","[1.3, 1.3]",0,,,0,,,Exit,Target hit,Target hit,Exit,-21.0
2022-12-26,16.58,1,Short,09:30:00,09:30:00,09:30:00,09:30:00,17904.45,17300.0,17600,18200,18400,2022-12-29 00:00:00,3,Monday,9.65,28.05,24.7,7.5,0,56.1,49.4,0,5.61,4.94,,,,,142.4
2022-12-26,,0,Long,2022-12-27 15:13:00,2022-12-27 15:13:00,2022-12-26 14:37:00,2022-12-26 14:37:00,,17300.0,17600,18200,18400,2022-12-29 00:00:00,3,Monday,"[2.45, 2.45]","[5.2, 5.2]","[53.05, 1.4]","[13.0, 0.1]",0,,,0,,,Exit,Target hit,SL hit,Exit,-54.95000000000001
2022-12-27,15.56,1,Short,09:30:00,09:30:00,09:30:00,09:30:00,18064.0,17550.0,17800,18300,18450,2022-12-29 00:00:00,2,Tuesday,7.4,21.05,20.45,7.55,0,42.1,40.9,0,4.21,4.09,,,,,106.2
2022-12-27,,0,Long,2022-12-27 09:37:00,2022-12-27 09:37:00,2022-12-28 15:24:00,2022-12-28 15:24:00,,17550.0,17800,18300,18450,2022-12-29 00:00:00,2,Tuesday,"[14.0, 0.15]","[42.65, 0.3]","[4.0, 4.0]","[1.3, 1.3]",0,,,0,,,Exit,SL hit,Target hit,Exit,-39.9
2022-12-28,15.64,1,Short,09:30:00,09:30:00,09:30:00,09:30:00,18089.4,17700.0,17900,18300,18450,2022-12-29 00:00:00,1,Wednesday,8.7,25.15,9.85,2.75,0,50.3,19.7,0,5.03,1.97,,,,,94.2
2022-12-28,,0,Long,2022-12-29 11:32:00,2022-12-29 11:32:00,2022-12-29 09:16:00,2022-12-29 09:16:00,,17700.0,17900,18300,18450,2022-12-29 00:00:00,1,Wednesday,"[0.7, 0.7]","[4.95, 4.95]","[1.7, 1.7]","[0.95, 0.95]",0,,,0,,,Exit,Target hit,Target hit,Exit,-20.0
2022-12-29,15.57,1,Short,09:30:00,09:30:00,09:30:00,09:30:00,18057.7,17950.0,18050,18050,18150,2022-12-29 00:00:00,0,Thursday,14.2,41.05,46.2,10.8,0,82.1,92.4,0,8.209999999999999,9.24,,,,,249.0
2022-12-29,,0,Long,2022-12-29 14:06:00,2022-12-29 14:06:00,2022-12-29 14:53:00,2022-12-29 14:53:00,,17950.0,18050,18050,18150,2022-12-29 00:00:00,0,Thursday,"[1.8, 1.8]","[7.75, 7.75]","[93.6, 96.5]","[12.65, 11.9]",0,,,0,,,Exit,Target hit,SL hit,Exit,-358.55
2022-12-30,14.44,1,Short,09:30:00,09:30:00,09:30:00,09:30:00,18252.0,17550.0,17850,18650,18800,2023-01-05 00:00:00,6,Friday,5.4,16.25,9.4,3.35,0,32.5,18.8,0,3.25,1.88,,,,,67.6
2022-12-30,,0,Long,2022-12-30 15:05:00,2022-12-30 15:05:00,2023-01-03 11:21:00,2023-01-03 11:21:00,,17550.0,17850,18650,18800,2023-01-05 00:00:00,6,Friday,"[7.55, 0.15]","[33.0, 0.7]","[1.85, 1.85]","[1.2, 1.2]",0,,,0,,,Exit,SL hit,Target hit,Exit,-29.700000000000003
2023-01-02,15.4,1,Short,09:30:00,09:30:00,09:30:00,09:30:00,18101.85,17600.0,17800,18400,18550,2023-01-05 00:00:00,3,Monday,6.15,18.55,17.4,6.05,0,37.1,34.8,0,3.71,3.48,,,,,95.0
2023-01-02,,0,Long,2023-01-03 13:50:00,2023-01-03 13:50:00,2023-01-04 14:23:00,2023-01-04 14:23:00,,17600.0,17800,18400,18550,2023-01-05 00:00:00,3,Monday,"[2.0, 2.0]","[3.65, 3.65]","[3.3, 3.3]","[1.9, 1.9]",0,,,0,,,Exit,Target hit,Target hit,Exit,-12.199999999999998
2023-01-03,14.93,1,Short,09:30:00,09:30:00,09:30:00,09:30:00,18161.75,17750.0,17900,18400,18550,2023-01-05 00:00:00,2,Tuesday,5.3,14.95,16.2,4.45,0,29.9,32.4,0,2.99,3.24,,,,,85.6
2023-01-03,,0,Long,2023-01-05 13:27:00,2023-01-05 13:27:00,2023-01-04 14:27:00,2023-01-04 14:27:00,,17750.0,17900,18400,18550,2023-01-05 00:00:00,2,Tuesday,"[2.05, 0.35]","[30.9, 2.55]","[3.15, 3.15]","[1.9, 1.9]",0,,,0,,,Exit,SL hit,Target hit,Exit,-40.45
2023-01-04,14.36,1,Short,09:30:00,09:30:00,09:30:00,09:30:00,18232.9,17950.0,18100,18400,18500,2023-01-05 00:00:00,1,Wednesday,5.55,20.9,11.4,3.5,0,41.8,22.8,0,4.18,2.28,,,,,93.0
2023-01-04,,0,Long,2023-01-04 09:46:00,2023-01-04 09:46:00,2023-01-05 09:16:00,2023-01-05 09:16:00,,17950.0,18100,18400,18500,2023-01-05 00:00:00,1,Wednesday,"[11.75, 11.85]","[41.8, 133.8]","[1.55, 1.55]","[1.35, 1.35]",0,,,0,,,Exit,SL hit,Target hit,Exit,-396.7000000000001
2023-01-05,15.03,1,Short,09:30:00,09:30:00,09:30:00,09:30:00,18072.5,17950.0,18050,18050,18150,2023-01-05 00:00:00,0,Thursday,10.0,33.6,61.65,18.75,0,67.2,123.3,0,6.720000000000001,12.33,,,,,266.0
2023-01-05,,0,Long,2023-01-05 10:10:00,2023-01-05 10:10:00,2023-01-05 12:23:00,2023-01-05 12:23:00,,17950.0,18050,18050,18150,2023-01-05 00:00:00,0,Thursday,"[23.8, 11.85]","[68.25, 83.8]","[12.3, 12.3]","[5.05, 5.05]",0,,,0,,,Exit,SL hit,Target hit,Exit,-289.29999999999995
2023-01-06,14.83,1,Short,09:30:00,09:30:00,09:30:00,09:30:00,17990.2,17350.0,17600,18400,18600,2023-01-12 00:00:00,6,Friday,4.9,15.55,10.75,3.65,0,31.1,21.5,0,3.1100000000000003,2.15,,,,,71.0
2023-01-06,,0,Long,2023-01-06 13:02:00,2023-01-06 13:02:00,2023-01-11 13:39:00,2023-01-11 13:39:00,,17350.0,17600,18400,18600,2023-01-12 00:00:00,6,Friday,"[8.0, 0.1]","[31.5, 0.15]","[2.15, 2.15]","[1.5, 1.5]",0,,,0,,,Exit,SL hit,Target hit,Exit,-26.250000000000004
2023-01-09,14.94,1,Short,09:30:00,09:30:00,09:30:00,09:30:00,17991.4,17500.0,17700,18300,18500,2023-01-12 00:00:00,3,Monday,4.9,13.55,15.0,4.5,0,27.1,30.0,0,2.7100000000000004,3.0,,,,,76.6
2023-01-09,,0,Long,2023-01-11 09:24:00,2023-01-11 09:24:00,2023-01-09 11:25:00,2023-01-09 11:25:00,,17500.0,17700,18300,18500,2023-01-12 00:00:00,3,Monday,"[7.2, 0.1]","[28.75, 0.35]","[30.9, 0.2]","[5.55, 0.15]",0,,,0,,,Exit,SL hit,SL hit,Exit,-47.8
2023-01-10,15.02,1,Short,09:30:00,09:30:00,09:30:00,09:30:00,18029.0,17600.0,17800,18300,18450,2023-01-12 00:00:00,2,Tuesday,5.5,17.05,10.4,3.3,0,34.1,20.8,0,3.41,2.08,,,,,74.60000000000001
2023-01-10,,0,Long,2023-01-10 11:31:00,2023-01-10 11:31:00,2023-01-11 15:11:00,2023-01-11 15:11:00,,17600.0,17800,18300,18450,2023-01-12 00:00:00,2,Tuesday,"[7.8, 0.15]","[34.7, 4.4]","[2.05, 2.05]","[1.4, 1.4]",0,,,0,,,Exit,SL hit,Target hit,Exit,-42.250000000000014
2023-01-11,16.07,1,Short,09:30:00,09:30:00,09:30:00,09:30:00,17844.05,17500.0,17650,18050,18200,2023-01-12 00:00:00,1,Wednesday,7.7,21.8,23.35,7.85,0,43.6,46.7,0,4.36,4.670000000000001,,,,,118.40000000000002
2023-01-11,,0,Long,2023-01-11 14:55:00,2023-01-11 14:55:00,2023-01-11 10:13:00,2023-01-11 10:13:00,,17500.0,17650,18050,18200,2023-01-12 00:00:00,1,Wednesday,"[1.7, 1.7]","[4.3, 4.3]","[47.2, 0.4]","[14.9, 0.2]",0,,,0,,,Exit,Target hit,SL hit,Exit,-43.3
2023-01-12,15.65,1,Short,09:30:00,09:30:00,09:30:00,09:30:00,17905.25,17800.0,17900,17900,18000,2023-01-12 00:00:00,0,Thursday,17.85,49.95,59.75,22.15,0,99.9,119.5,0,9.990000000000002,11.95,,,,,278.8
2023-01-12,,0,Long,2023-01-12 10:37:00,2023-01-12 10:37:00,2023-01-12 11:29:00,2023-01-12 11:29:00,,17800.0,17900,17900,18000,2023-01-12 00:00:00,0,Thursday,"[38.9, 4.4]","[100.45, 70.15]","[11.75, 11.75]","[4.0, 4.0]",0,,,0,,,Exit,SL hit,Target hit,Exit,-289.79999999999995
2023-01-13,15.33,1,Short,09:30:00,09:30:00,09:30:00,09:30:00,17803.9,17200.0,17400,18200,18400,2023-01-19 00:00:00,6,Friday,6.7,18.55,20.05,6.8,0,37.1,40.1,0,3.71,4.010000000000001,,,,,100.4
2023-01-13,,0,Long,2023-01-16 10:10:00,2023-01-16 10:10:00,2023-01-13 13:19:00,2023-01-13 13:19:00,,17200.0,17400,18200,18400,2023-01-19 00:00:00,6,Friday,"[2.1, 2.1]","[3.7, 3.7]","[40.4, 0.35]","[9.95, 0.15]",0,,,0,,,Exit,Target hit,SL hit,Exit,-37.45
2023-01-16,15.04,1,Short,09:30:00,09:30:00,09:30:00,09:30:00,17998.9,17500.0,17700,18300,18450,2023-01-19 00:00:00,3,Monday,6.75,19.8,12.8,4.2,0,39.6,25.6,0,3.96,2.5600000000000005,,,,,86.60000000000001
2023-01-16,,0,Long,2023-01-16 14:01:00,2023-01-16 14:01:00,2023-01-19 09:20:00,2023-01-19 09:20:00,,17500.0,17700,18300,18450,2023-01-19 00:00:00,3,Monday,"[9.85, 0.15]","[39.6, 0.2]","[2.5, 2.5]","[1.1, 1.1]",0,,,0,,,Exit,SL hit,Target hit,Exit,-35.5
2023-01-17,15.06,1,Short,09:30:00,09:30:00,09:30:00,09:30:00,17947.2,17500.0,17700,18200,18350,2023-01-19 00:00:00,2,Tuesday,5.25,17.35,14.75,4.25,0,34.7,29.5,0,3.4700000000000006,2.95,,,,,90.4
2023-01-17,,0,Long,2023-01-18 12:45:00,2023-01-18 12:45:00,2023-01-18 10:08:00,2023-01-18 10:08:00,,17500.0,17700,18200,18350,2023-01-19 00:00:00,2,Tuesday,"[2.15, 2.15]","[3.45, 3.45]","[29.8, 0.35]","[4.05, 0.15]",0,,,0,,,Exit,Target hit,SL hit,Exit,-31.550000000000004
2023-01-18,14.66,1,Short,09:30:00,09:30:00,09:30:00,09:30:00,18068.1,17750.0,17900,18200,18300,2023-01-19 00:00:00,1,Wednesday,6.6,18.35,19.95,5.5,0,36.7,39.9,0,3.67,3.99,,,,,104.79999999999998
2023-01-18,,0,Long,2023-01-19 10:22:00,2023-01-19 10:22:00,2023-01-18 11:19:00,2023-01-18 11:19:00,,17750.0,17900,18200,18300,2023-01-19 00:00:00,1,Wednesday,"[1.3, 1.3]","[3.5, 3.5]","[41.1, 0.35]","[12.3, 0.2]",0,,,0,,,Exit,Target hit,SL hit,Exit,-38.05
2023-01-19,14.79,1,Short,09:30:00,09:30:00,09:30:00,09:30:00,18083.1,18000.0,18100,18100,18200,2023-01-19 00:00:00,0,Thursday,18.8,55.45,34.4,7.95,0,110.9,68.8,0,11.090000000000002,6.88,,,,,252.4
2023-01-19,,0,Long,2023-01-19 14:08:00,2023-01-19 14:08:00,2023-01-19 11:03:00,2023-01-19 11:03:00,,18000.0,18100,18100,18200,2023-01-19 00:00:00,0,Thursday,"[1.05, 1.05]","[10.15, 10.15]","[69.0, 13.7]","[16.95, 0.35]",0,,,0,,,Exit,Target hit,SL hit,Exit,-128.5
2023-01-20,13.96,1,Short,09:30:00,09:30:00,09:30:00,09:30:00,18087.9,17500.0,17750,18450,18650,2023-01-25 00:00:00,5,Friday,4.5,13.7,8.25,2.5,0,27.4,16.5,0,2.74,1.65,,,,,59.8
2023-01-20,,0,Long,2023-01-23 15:09:00,2023-01-23 15:09:00,2023-01-24 11:16:00,2023-01-24 11:16:00,,17500.0,17750,18450,18650,2023-01-25 00:00:00,5,Friday,"[1.65, 1.65]","[2.7, 2.7]","[1.65, 1.65]","[1.2, 1.2]",0,,,0,,,Exit,Target hit,Target hit,Exit,-6.000000000000004
2023-01-23,13.93,1,Short,09:30:00,09:30:00,09:30:00,09:30:00,18098.3,17750.0,17900,18300,18400,2023-01-25 00:00:00,2,Monday,5.4,16.05,19.75,7.6,0,32.1,39.5,0,3.2100000000000004,3.95,,,,,91.2
2023-01-23,,0,Long,2023-01-24 12:51:00,2023-01-24 12:51:00,2023-01-24 14:25:00,2023-01-24 14:25:00,,17750.0,17900,18300,18400,2023-01-25 00:00:00,2,Monday,"[1.3, 1.3]","[3.2, 3.2]","[3.95, 3.95]","[1.85, 1.85]",0,,,0,,,Exit,Target hit,Target hit,Exit,-16.0
2023-01-24,13.52,1,Short,09:30:00,09:30:00,09:30:00,09:30:00,18175.55,17900.0,18050,18350,18500,2023-01-25 00:00:00,1,Tuesday,4.5,14.1,7.15,2.25,0,28.2,14.3,0,2.8200000000000003,1.4300000000000002,,,,,58.0
2023-01-24,,0,Long,2023-01-24 13:48:00,2023-01-24 13:48:00,2023-01-25 09:16:00,2023-01-25 09:16:00,,17900.0,18050,18350,18500,2023-01-25 00:00:00,1,Tuesday,"[4.65, 8.35]","[28.9, 140.4]","[1.25, 1.25]","[0.9, 0.9]",0,,,0,,,Exit,SL hit,Target hit,Exit,-421.8
2023-01-25,13.93,1,Short,09:30:00,09:30:00,09:30:00,09:30:00,18044.15,17950.0,18050,18050,18150,2023-01-25 00:00:00,0,Wednesday,6.8,35.5,37.0,7.9,0,71.0,74.0,0,7.1000000000000005,7.4,,,,,231.2
2023-01-25,,0,Long,2023-01-25 09:55:00,2023-01-25 09:55:00,2023-01-25 10:45:00,2023-01-25 10:45:00,,17950.0,18050,18050,18150,2023-01-25 00:00:00,0,Wednesday,"[20.5, 42.15]","[71.45, 140.4]","[7.15, 7.15]","[3.7, 3.7]",0,,,0,,,Exit,SL hit,Target hit,Exit,-359.5
2023-01-27,16.43,1,Short,09:30:00,09:30:00,09:30:00,09:30:00,17734.65,16900.0,17300,18200,18450,2023-02-02 00:00:00,6,Friday,18.55,56.75,48.3,16.75,0,113.5,96.6,0,11.35,9.66,,,,,279.0
2023-01-27,,0,Long,2023-01-27 12:49:00,2023-01-27 12:49:00,2023-02-01 13:22:00,2023-02-01 13:22:00,,16900.0,17300,18200,18450,2023-02-02 00:00:00,6,Friday,"[44.2, 0.2]","[114.8, 0.4]","[8.6, 8.6]","[2.15, 2.15]",0,,,0,,,Exit,SL hit,Target hit,Exit,-96.99999999999996
2023-01-30,17.83,1,Short,09:30:00,09:30:00,09:30:00,09:30:00,17676.9,16950.0,17350,18050,18300,2023-02-02 00:00:00,3,Monday,22.2,63.95,57.6,20.55,0,127.9,115.2,0,12.79,11.52,,,,,315.20000000000005
2023-01-30,,0,Long,2023-01-30 13:51:00,2023-01-30 13:51:00,2023-02-01 13:47:00,2023-02-01 13:47:00,,16950.0,17350,18050,18300,2023-02-02 00:00:00,3,Monday,"[39.6, 0.15]","[128.6, 0.45]","[11.15, 11.15]","[2.85, 2.85]",0,,,0,,,Exit,SL hit,Target hit,Exit,-123.09999999999998
2023-01-31,18.14,1,Short,09:30:00,09:30:00,09:30:00,09:30:00,17615.75,16950.0,17300,17900,18150,2023-02-02 00:00:00,2,Tuesday,18.35,53.0,66.1,23.9,0,106.0,132.2,0,10.6,13.22,,,,,307.4
2023-01-31,,0,Long,2023-02-01 11:43:00,2023-02-01 11:43:00,2023-02-01 12:38:00,2023-02-01 12:38:00,,16950.0,17300,17900,18150,2023-02-02 00:00:00,2,Tuesday,"[4.15, 4.15]","[10.05, 10.05]","[137.1, 0.35]","[28.5, 0.15]",0,,,0,,,Exit,Target hit,SL hit,Exit,-132.8
2022-06-01,19.97,1,Short,09:30:00,09:30:00,09:30:00,09:30:00,16619.7,16200.0,16400,16800,16950,2022-06-02 00:00:00,1,Wednesday,10.2,30.85,30.75,8.8,0,61.7,61.5,0,6.170000000000001,6.15,,,,,170.4
2022-06-01,,0,Long,2022-06-01 13:43:00,2022-06-01 13:43:00,2022-06-01 14:15:00,2022-06-01 14:15:00,,16200.0,16400,16800,16950,2022-06-02 00:00:00,1,Wednesday,"[19.35, 0.25]","[62.0, 0.4]","[6.0, 6.0]","[2.6, 2.6]",0,,,0,,,Exit,SL hit,Target hit,Exit,-56.7
2022-06-02,20.36,1,Short,09:30:00,09:30:00,09:30:00,09:30:00,16521.3,16400.0,16500,16500,16600,2022-06-02 00:00:00,0,Thursday,23.15,56.25,65.5,24.1,0,112.5,131.0,0,11.25,13.1,,,,,298.0
2022-06-02,,0,Long,2022-06-02 13:35:00,2022-06-02 13:35:00,2022-06-02 14:05:00,2022-06-02 14:05:00,,16400.0,16500,16500,16600,2022-06-02 00:00:00,0,Thursday,"[2.85, 2.85]","[11.0, 11.0]","[133.35, 134.75]","[47.9, 38.9]",0,,,0,,,Exit,Target hit,SL hit,Exit,-405.6
2022-06-03,19.3,1,Short,09:30:00,09:30:00,09:30:00,09:30:00,16780.3,16000.0,16300,17300,17500,2022-06-09 00:00:00,6,Friday,11.45,32.75,13.95,4.2,0,65.5,27.9,0,6.550000000000001,2.79,,,,,124.20000000000002
2022-06-03,,0,Long,2022-06-06 09:27:00,2022-06-06 09:27:00,2022-06-06 09:23:00,2022-06-06 09:23:00,,16000.0,16300,17300,17500,2022-06-09 00:00:00,6,Friday,"[18.65, 0.2]","[66.45, 0.45]","[2.75, 2.75]","[1.7, 1.7]",0,,,0,,,Exit,SL hit,Target hit,Exit,-52.75
2022-06-06,20.45,1,Short,09:30:00,09:30:00,09:30:00,09:30:00,16469.9,15850.0,16100,16800,17000,2022-06-09 00:00:00,3,Monday,11.2,33.0,33.35,10.9,0,66.0,66.7,0,6.6000000000000005,6.670000000000001,,,,,176.99999999999997
2022-06-06,,0,Long,2022-06-08 10:40:00,2022-06-08 10:40:00,2022-06-08 09:37:00,2022-06-08 09:37:00,,15850.0,16100,16800,17000,2022-06-09 00:00:00,3,Monday,"[1.85, 1.85]","[6.55, 6.55]","[6.3, 6.3]","[2.3, 2.3]",0,,,0,,,Exit,Target hit,Target hit,Exit,-34.8
2022-06-07,20.1,1,Short,09:30:00,09:30:00,09:30:00,09:30:00,16434.75,15950.0,16150,16750,16900,2022-06-09 00:00:00,2,Tuesday,8.65,28.9,21.25,7.85,0,57.8,42.5,0,5.78,4.25,,,,,134.6
2022-06-07,,0,Long,2022-06-09 09:58:00,2022-06-09 09:58:00,2022-06-08 13:10:00,2022-06-08 13:10:00,,15950.0,16150,16750,16900,2022-06-09 00:00:00,2,Tuesday,"[1.0, 1.0]","[5.55, 5.55]","[4.25, 4.25]","[1.6, 1.6]",0,,,0,,,Exit,Target hit,Target hit,Exit,-28.800000000000004
2022-06-08,20.07,1,Short,09:30:00,09:30:00,09:30:00,09:30:00,16384.45,16000.0,16200,16600,16750,2022-06-09 00:00:00,1,Wednesday,10.95,38.35,32.65,10.95,0,76.7,65.3,0,7.670000000000001,6.53,,,,,196.4
2022-06-08,,0,Long,2022-06-09 10:22:00,2022-06-09 10:22:00,2022-06-08 14:46:00,2022-06-08 14:46:00,,16000.0,16200,16600,16750,2022-06-09 00:00:00,1,Wednesday,"[1.35, 1.35]","[7.3, 7.3]","[6.45, 6.45]","[2.6, 2.6]",0,,,0,,,Exit,Target hit,Target hit,Exit,-39.2
2022-06-09,19.58,1,Short,09:30:00,09:30:00,09:30:00,09:30:00,16317.0,16200.0,16300,16300,16400,2022-06-09 00:00:00,0,Thursday,16.8,48.25,56.85,17.25,0,96.5,113.7,0,9.65,11.37,,,,,284.2
2022-06-09,,0,Long,2022-06-09 12:36:00,2022-06-09 12:36:00,2022-06-09 12:37:00,2022-06-09 12:37:00,,16200.0,16300,16300,16400,2022-06-09 00:00:00,0,Thursday,"[2.4, 2.4]","[8.75, 8.75]","[114.45, 150.65]","[37.5, 52.35]",0,,,0,,,Exit,Target hit,SL hit,Exit,-397.2500000000001
2022-06-10,19.32,1,Short,09:30:00,09:30:00,09:30:00,09:30:00,16265.55,15450.0,15750,16750,16950,2022-06-16 00:00:00,6,Friday,7.5,23.5,16.95,5.6,0,47.0,33.9,0,4.7,3.39,,,,,109.4
2022-06-10,,0,Long,2022-06-13 09:15:00,2022-06-13 09:15:00,2022-06-13 11:47:00,2022-06-13 11:47:00,,15450.0,15750,16750,16950,2022-06-16 00:00:00,6,Friday,"[26.3, 72.8]","[60.0, 370.15]","[3.35, 3.35]","[2.35, 2.35]",0,,,0,,,Exit,SL hit,Target hit,Exit,-929.75
2022-06-13,21.56,1,Short,09:30:00,09:30:00,09:30:00,09:30:00,15792.2,15150.0,15450,16150,16400,2022-06-16 00:00:00,3,Monday,15.0,45.55,35.95,12.45,0,91.1,71.9,0,9.11,7.190000000000001,,,,,216.2
2022-06-13,,0,Long,2022-06-16 09:15:00,2022-06-16 09:15:00,2022-06-15 10:56:00,2022-06-15 10:56:00,,15150.0,15450,16150,16400,2022-06-16 00:00:00,3,Monday,"[1.45, 1.45]","[8.95, 8.95]","[7.05, 7.05]","[2.75, 2.75]",0,,,0,,,Exit,Target hit,Target hit,Exit,-47.2
2022-06-14,22.23,1,Short,09:30:00,09:30:00,09:30:00,09:30:00,15665.6,15100.0,15350,15950,16150,2022-06-16 00:00:00,2,Tuesday,13.4,37.75,38.6,13.35,0,75.5,77.2,0,7.550000000000001,7.720000000000001,,,,,198.4
2022-06-14,,0,Long,2022-06-16 09:15:00,2022-06-16 09:15:00,2022-06-14 10:28:00,2022-06-14 10:28:00,,15100.0,15350,15950,16150,2022-06-16 00:00:00,2,Tuesday,"[1.2, 1.2]","[5.0, 5.0]","[79.2, 0.2]","[31.0, 0.3]",0,,,0,,,Exit,Target hit,SL hit,Exit,-63.1
2022-06-15,22.01,1,Short,09:30:00,09:30:00,09:30:00,09:30:00,15701.7,15300.0,15500,15900,16100,2022-06-16 00:00:00,1,Wednesday,11.2,38.1,42.25,12.3,0,76.2,84.5,0,7.620000000000001,8.450000000000001,,,,,227.4
2022-06-15,,0,Long,2022-06-16 09:16:00,2022-06-16 09:16:00,2022-06-16 10:23:00,2022-06-16 10:23:00,,15300.0,15500,15900,16100,2022-06-16 00:00:00,1,Wednesday,"[1.05, 1.05]","[2.05, 2.05]","[8.0, 8.0]","[1.35, 1.35]",0,,,0,,,Exit,Target hit,Target hit,Exit,-30.599999999999994
2022-06-16,20.91,1,Short,09:30:00,09:30:00,09:30:00,09:30:00,15830.85,15750.0,15850,15850,15950,2022-06-16 00:00:00,0,Thursday,24.95,65.25,45.35,13.4,0,130.5,90.7,0,13.05,9.07,,,,,289.0
2022-06-16,,0,Long,2022-06-16 10:31:00,2022-06-16 10:31:00,2022-06-16 11:16:00,2022-06-16 11:16:00,,15750.0,15850,15850,15950,2022-06-16 00:00:00,0,Thursday,"[65.45, 370.15]","[136.65, 471.4]","[8.6, 8.6]","[3.2, 3.2]",0,,,0,,,Exit,SL hit,Target hit,Exit,-396.55
2022-06-20,23.2,1,Short,09:30:00,09:30:00,09:30:00,09:30:00,15268.5,14800.0,14850,15650,15850,2022-06-23 00:00:00,3,Monday,41.75,49.25,31.8,10.25,0,98.5,63.6,0,9.85,6.36,,,,,116.2
2022-06-20,,0,Long,2022-06-21 09:40:00,2022-06-21 09:40:00,2022-06-21 09:53:00,2022-06-21 09:53:00,,14800.0,14850,15650,15850,2022-06-23 00:00:00,3,Monday,"[8.2, 8.2]","[9.8, 9.8]","[63.6, 0.9]","[16.0, 0.1]",0,,,0,,,Exit,Target hit,SL hit,Exit,-56.400000000000006
2022-06-21,21.81,1,Short,09:30:00,09:30:00,09:30:00,09:30:00,15439.1,14850.0,15150,15750,15900,2022-06-23 00:00:00,2,Tuesday,12.3,40.8,16.95,5.2,0,81.6,33.9,0,8.16,3.39,,,,,161.0
2022-06-21,,0,Long,2022-06-23 09:15:00,2022-06-23 09:15:00,2022-06-21 09:57:00,2022-06-21 09:57:00,,14850.0,15150,15750,15900,2022-06-23 00:00:00,2,Tuesday,"[1.95, 1.95]","[4.3, 4.3]","[34.95, 0.15]","[12.35, 0.15]",0,,,0,,,Exit,Target hit,SL hit,Exit,-32.0
2022-06-22,21.27,1,Short,09:30:00,09:30:00,09:30:00,09:30:00,15483.0,15050.0,15300,15700,15850,2022-06-23 00:00:00,1,Wednesday,11.7,38.25,14.8,4.65,0,76.5,29.6,0,7.65,2.9600000000000004,,,,,146.79999999999998
2022-06-22,,0,Long,2022-06-23 09:44:00,2022-06-23 09:44:00,2022-06-23 09:16:00,2022-06-23 09:16:00,,15050.0,15300,15700,15850,2022-06-23 00:00:00,1,Wednesday,"[2.15, 2.15]","[7.1, 7.1]","[1.95, 1.95]","[1.1, 1.1]",0,,,0,,,Exit,Target hit,Target hit,Exit,-23.2
2022-06-23,21.19,1,Short,09:30:00,09:30:00,09:30:00,09:30:00,15500.15,15350.0,15500,15500,15600,2022-06-23 00:00:00,0,Thursday,17.95,61.85,66.25,24.9,0,123.7,132.5,0,12.37,13.25,,,,,341.0
2022-06-23,,0,Long,2022-06-23 13:08:00,2022-06-23 13:08:00,2022-06-23 11:03:00,2022-06-23 11:03:00,,15350.0,15500,15500,15600,2022-06-23 00:00:00,0,Thursday,"[27.4, 0.4]","[124.7, 1.35]","[132.95, 83.8]","[56.3, 7.85]",0,,,0,,,Exit,SL hit,SL hit,Exit,-404.6499999999999
2022-06-24,21.18,1,Short,09:30:00,09:30:00,09:30:00,09:30:00,15703.3,14850.0,15200,16200,16400,2022-06-30 00:00:00,6,Friday,12.25,35.5,21.15,6.95,0,71.0,42.3,0,7.1000000000000005,4.23,,,,,149.8
2022-06-24,,0,Long,2022-06-28 10:57:00,2022-06-28 10:57:00,2022-06-29 09:15:00,2022-06-29 09:15:00,,14850.0,15200,16200,16400,2022-06-30 00:00:00,6,Friday,"[1.6, 1.6]","[6.85, 6.85]","[4.0, 4.0]","[1.95, 1.95]",0,,,0,,,Exit,Target hit,Target hit,Exit,-29.2
2022-06-27,21.05,1,Short,09:30:00,09:30:00,09:30:00,09:30:00,15902.6,15250.0,15550,16250,16450,2022-06-30 00:00:00,3,Monday,11.85,36.3,24.85,7.35,0,72.6,49.7,0,7.26,4.970000000000001,,,,,167.8
2022-06-27,,0,Long,2022-06-30 09:21:00,2022-06-30 09:21:00,2022-06-28 09:22:00,2022-06-28 09:22:00,,15250.0,15550,16250,16450,2022-06-30 00:00:00,3,Monday,"[1.05, 1.05]","[6.75, 6.75]","[4.95, 4.95]","[2.05, 2.05]",0,,,0,,,Exit,Target hit,Target hit,Exit,-34.4
2022-06-28,21.64,1,Short,09:30:00,09:30:00,09:30:00,09:30:00,15723.9,15200.0,15400,16000,16150,2022-06-30 00:00:00,2,Tuesday,10.25,28.35,26.55,8.85,0,56.7,53.1,0,5.670000000000001,5.3100000000000005,,,,,143.20000000000002
2022-06-28,,0,Long,2022-06-30 09:15:00,2022-06-30 09:15:00,2022-06-30 11:15:00,2022-06-30 11:15:00,,15200.0,15400,16000,16150,2022-06-30 00:00:00,2,Tuesday,"[1.7, 1.7]","[1.9, 1.9]","[4.95, 4.95]","[1.05, 1.05]",0,,,0,,,Exit,Target hit,Target hit,Exit,-16.4
2022-06-29,21.73,1,Short,09:30:00,09:30:00,09:30:00,09:30:00,15717.05,15350.0,15500,15900,16050,2022-06-30 00:00:00,1,Wednesday,10.1,28.05,20.4,6.05,0,56.1,40.8,0,5.61,4.08,,,,,129.20000000000002
2022-06-29,,0,Long,2022-06-30 09:16:00,2022-06-30 09:16:00,2022-06-29 11:34:00,2022-06-29 11:34:00,,15350.0,15500,15900,16050,2022-06-30 00:00:00,1,Wednesday,"[1.5, 1.5]","[5.45, 5.45]","[41.1, 0.8]","[11.5, 0.05]",0,,,0,,,Exit,Target hit,SL hit,Exit,-47.65000000000001
2022-06-30,22.02,1,Short,09:30:00,09:30:00,09:30:00,09:30:00,15850.45,15700.0,15850,15850,15950,2022-06-30 00:00:00,0,Thursday,25.0,74.8,62.65,25.25,0,149.6,125.3,0,14.96,12.53,,,,,348.79999999999995
2022-06-30,,0,Long,2022-06-30 15:00:00,2022-06-30 15:00:00,2022-06-30 12:36:00,2022-06-30 12:36:00,,15700.0,15850,15850,15950,2022-06-30 00:00:00,0,Thursday,"[0.5, 0.5]","[53.15, 53.15]","[12.2, 12.2]","[3.0, 3.0]",0,,,0,,,Exit,Universal exit,Target hit,Exit,-247.4
2022-07-01,21.85,1,Short,09:30:00,09:30:00,09:30:00,09:30:00,15689.75,14850.0,15150,16250,16500,2022-07-07 00:00:00,6,Friday,12.9,36.7,11.65,3.55,0,73.4,23.3,0,7.340000000000001,2.33,,,,,127.6
2022-07-01,,0,Long,2022-07-04 14:19:00,2022-07-04 14:19:00,2022-07-06 14:31:00,2022-07-06 14:31:00,,14850.0,15150,16250,16500,2022-07-07 00:00:00,6,Friday,"[2.6, 2.6]","[7.1, 7.1]","[2.3, 2.3]","[0.9, 0.9]",0,,,0,,,Exit,Target hit,Target hit,Exit,-23.599999999999994
2022-07-04,21.93,1,Short,09:30:00,09:30:00,09:30:00,09:30:00,15742.2,15150.0,15400,16100,16250,2022-07-07 00:00:00,3,Monday,12.65,38.9,22.6,8.35,0,77.8,45.2,0,7.78,4.5200000000000005,,,,,162.0
2022-07-04,,0,Long,2022-07-05 09:44:00,2022-07-05 09:44:00,2022-07-05 09:52:00,2022-07-05 09:52:00,,15150.0,15400,16100,16250,2022-07-07 00:00:00,3,Monday,"[3.05, 3.05]","[7.75, 7.75]","[48.45, 28.05]","[15.3, 0.05]",0,,,0,,,Exit,Target hit,SL hit,Exit,-135.95000000000002
2022-07-05,20.74,1,Short,09:30:00,09:30:00,09:30:00,09:30:00,15920.5,15400.0,15600,16200,16350,2022-07-07 00:00:00,2,Tuesday,8.55,23.95,14.9,3.8,0,47.9,29.8,0,4.79,2.9800000000000004,,,,,106.0
2022-07-05,,0,Long,2022-07-07 09:15:00,2022-07-07 09:15:00,2022-07-05 11:25:00,2022-07-05 11:25:00,,15400.0,15600,16200,16350,2022-07-07 00:00:00,2,Tuesday,"[0.9, 0.9]","[2.7, 2.7]","[30.55, 0.4]","[8.25, 0.1]",0,,,0,,,Exit,Target hit,SL hit,Exit,-30.4
2022-07-06,20.49,1,Short,09:30:00,09:30:00,09:30:00,09:30:00,15898.8,15550.0,15700,16100,16250,2022-07-07 00:00:00,1,Wednesday,11.2,29.75,16.2,4.55,0,59.5,32.4,0,5.95,3.24,,,,,120.8
2022-07-06,,0,Long,2022-07-07 09:15:00,2022-07-07 09:15:00,2022-07-06 13:08:00,2022-07-06 13:08:00,,15550.0,15700,16100,16250,2022-07-07 00:00:00,1,Wednesday,"[2.95, 2.95]","[4.8, 4.8]","[36.15, 28.05]","[7.15, 0.05]",0,,,0,,,Exit,Target hit,SL hit,Exit,-120.4
2022-07-07,20.08,1,Short,09:30:00,09:30:00,09:30:00,09:30:00,16078.55,15950.0,16100,16100,16200,2022-07-07 00:00:00,0,Thursday,21.1,71.15,52.25,17.45,0,142.3,104.5,0,14.230000000000002,10.45,,,,,339.40000000000003
2022-07-07,,0,Long,2022-07-07 13:40:00,2022-07-07 13:40:00,2022-07-07 14:15:00,2022-07-07 14:15:00,,15950.0,16100,16100,16200,2022-07-07 00:00:00,0,Thursday,"[1.4, 1.4]","[13.55, 13.55]","[8.9, 8.9]","[0.85, 0.85]",0,,,0,,,Exit,Target hit,Target hit,Exit,-80.80000000000001
2022-07-08,19.06,1,Short,09:30:00,09:30:00,09:30:00,09:30:00,16188.9,15450.0,15750,16650,16850,2022-07-14 00:00:00,6,Friday,9.15,30.15,13.2,3.8,0,60.3,26.4,0,6.03,2.64,,,,,121.59999999999998
2022-07-08,,0,Long,2022-07-13 09:16:00,2022-07-13 09:16:00,2022-07-12 09:16:00,2022-07-12 09:16:00,,15450.0,15750,16650,16850,2022-07-14 00:00:00,6,Friday,"[1.15, 1.15]","[5.3, 5.3]","[2.25, 2.25]","[1.2, 1.2]",0,,,0,,,Exit,Target hit,Target hit,Exit,-20.8
2022-07-11,19.15,1,Short,09:30:00,09:30:00,09:30:00,09:30:00,16141.3,15600.0,15800,16500,16650,2022-07-14 00:00:00,3,Monday,10.45,28.85,12.85,4.3,0,57.7,25.7,0,5.7700000000000005,2.5700000000000003,,,,,107.8
2022-07-11,,0,Long,2022-07-14 09:21:00,2022-07-14 09:21:00,2022-07-13 09:56:00,2022-07-13 09:56:00,,15600.0,15800,16500,16650,2022-07-14 00:00:00,3,Monday,"[0.95, 0.95]","[5.7, 5.7]","[2.4, 2.4]","[1.1, 1.1]",0,,,0,,,Exit,Target hit,Target hit,Exit,-24.200000000000006
2022-07-12,18.56,1,Short,09:30:00,09:30:00,09:30:00,09:30:00,16140.95,15700.0,15900,16400,16550,2022-07-14 00:00:00,2,Tuesday,9.45,33.75,16.9,4.85,0,67.5,33.8,0,6.75,3.38,,,,,145.4
2022-07-12,,0,Long,2022-07-14 15:00:00,2022-07-14 15:00:00,2022-07-13 13:27:00,2022-07-13 13:27:00,,15700.0,15900,16400,16550,2022-07-14 00:00:00,2,Tuesday,"[0.1, 0.1]","[13.3, 13.3]","[3.25, 3.25]","[1.55, 1.55]",0,,,0,,,Exit,Universal exit,Target hit,Exit,-59.6
2022-07-13,18.31,1,Short,09:30:00,09:30:00,09:30:00,09:30:00,16118.05,15750.0,15900,16300,16400,2022-07-14 00:00:00,1,Wednesday,4.85,17.4,21.1,8.05,0,34.8,42.2,0,3.48,4.220000000000001,,,,,102.4
2022-07-13,,0,Long,2022-07-13 12:57:00,2022-07-13 12:57:00,2022-07-13 15:17:00,2022-07-13 15:17:00,,15750.0,15900,16300,16400,2022-07-14 00:00:00,1,Wednesday,"[11.95, 0.1]","[37.85, 13.3]","[4.15, 4.15]","[2.15, 2.15]",0,,,0,,,Exit,SL hit,Target hit,Exit,-73.50000000000001
2022-07-14,18.29,1,Short,09:30:00,09:30:00,09:30:00,09:30:00,16005.5,15900.0,16000,16000,16100,2022-07-14 00:00:00,0,Thursday,19.1,51.5,55.75,18.5,0,103.0,111.5,0,10.3,11.15,,,,,278.6
2022-07-14,,0,Long,2022-07-14 14:01:00,2022-07-14 14:01:00,2022-07-14 13:23:00,2022-07-14 13:23:00,,15900.0,16000,16000,16100,2022-07-14 00:00:00,0,Thursday,"[28.25, 13.3]","[103.65, 102.6]","[9.8, 9.8]","[1.9, 1.9]",0,,,0,,,Exit,SL hit,Target hit,Exit,-374.9
2022-07-15,17.83,1,Short,09:30:00,09:30:00,09:30:00,09:30:00,15986.15,15300.0,15550,16450,16650,2022-07-21 00:00:00,6,Friday,6.3,20.3,8.4,2.7,0,40.6,16.8,0,4.0600000000000005,1.6800000000000002,,,,,78.80000000000001
2022-07-15,,0,Long,2022-07-18 09:16:00,2022-07-18 09:16:00,2022-07-18 09:15:00,2022-07-18 09:15:00,,15300.0,15550,16450,16650,2022-07-21 00:00:00,6,Friday,"[2.05, 2.05]","[3.85, 3.85]","[20.05, 112.75]","[5.0, 0.3]",0,,,0,,,Exit,Target hit,SL hit,Exit,-359.6
2022-07-18,17.82,1,Short,09:30:00,09:30:00,09:30:00,09:30:00,16172.65,15650.0,15850,16450,16600,2022-07-21 00:00:00,3,Monday,6.85,19.15,16.75,4.85,0,38.3,33.5,0,3.83,3.35,,,,,96.8
2022-07-18,,0,Long,2022-07-20 09:16:00,2022-07-20 09:16:00,2022-07-18 15:30:00,2022-07-18 15:30:00,,15650.0,15850,16450,16600,2022-07-21 00:00:00,3,Monday,"[1.7, 1.7]","[2.8, 2.8]","[33.95, 112.75]","[9.0, 1.0]",0,,,0,,,Exit,Target hit,SL hit,Exit,-364.6
2022-07-19,17.46,1,Short,09:30:00,09:30:00,09:30:00,09:30:00,16257.35,15800.0,16000,16500,16600,2022-07-21 00:00:00,2,Tuesday,6.65,22.25,14.2,5.35,0,44.5,28.4,0,4.45,2.84,,,,,97.8
2022-07-19,,0,Long,2022-07-20 09:16:00,2022-07-20 09:16:00,2022-07-20 09:15:00,2022-07-20 09:15:00,,15800.0,16000,16500,16600,2022-07-21 00:00:00,2,Tuesday,"[2.45, 2.45]","[4.15, 4.15]","[55.1, 63.2]","[18.0, 1.0]",0,,,0,,,Exit,Target hit,SL hit,Exit,-230.5
2022-07-20,16.83,1,Short,09:30:00,09:30:00,09:30:00,09:30:00,16531.1,16200.0,16400,16700,16800,2022-07-21 00:00:00,1,Wednesday,7.4,23.4,11.3,3.9,0,46.8,22.6,0,4.68,2.26,,,,,93.6
2022-07-20,,0,Long,2022-07-21 10:19:00,2022-07-21 10:19:00,2022-07-21 09:16:00,2022-07-21 09:16:00,,16200.0,16400,16700,16800,2022-07-21 00:00:00,1,Wednesday,"[1.35, 1.35]","[4.65, 4.65]","[2.05, 2.05]","[0.8, 0.8]",0,,,0,,,Exit,Target hit,Target hit,Exit,-18.2
2022-07-21,16.94,1,Short,09:30:00,09:30:00,09:30:00,09:30:00,16514.95,16400.0,16500,16500,16600,2022-07-21 00:00:00,0,Thursday,9.95,35.85,46.95,12.0,0,71.7,93.9,0,7.170000000000001,9.39,,,,,243.40000000000003
2022-07-21,,0,Long,2022-07-21 14:05:00,2022-07-21 14:05:00,2022-07-21 11:40:00,2022-07-21 11:40:00,,16400.0,16500,16500,16600,2022-07-21 00:00:00,0,Thursday,"[0.55, 0.55]","[5.0, 5.0]","[94.55, 63.2]","[25.8, 1.0]",0,,,0,,,Exit,Target hit,SL hit,Exit,-273.15000000000003
2022-07-22,16.83,1,Short,09:30:00,09:30:00,09:30:00,09:30:00,16701.25,15950.0,16250,17150,17300,2022-07-28 00:00:00,6,Friday,7.3,21.75,7.3,2.55,0,43.5,14.6,0,4.3500000000000005,1.46,,,,,76.80000000000001
2022-07-22,,0,Long,2022-07-28 09:15:00,2022-07-28 09:15:00,2022-07-26 13:45:00,2022-07-26 13:45:00,,15950.0,16250,17150,17300,2022-07-28 00:00:00,6,Friday,"[1.5, 1.5]","[2.25, 2.25]","[1.4, 1.4]","[1.1, 1.1]",0,,,0,,,Exit,Target hit,Target hit,Exit,-4.199999999999999
2022-07-25,17.43,1,Short,09:30:00,09:30:00,09:30:00,09:30:00,16675.7,16200.0,16400,17000,17150,2022-07-28 00:00:00,3,Monday,11.25,32.0,17.85,5.95,0,64.0,35.7,0,6.4,3.5700000000000003,,,,,130.60000000000002
2022-07-25,,0,Long,2022-07-28 09:15:00,2022-07-28 09:15:00,2022-07-26 10:12:00,2022-07-26 10:12:00,,16200.0,16400,17000,17150,2022-07-28 00:00:00,3,Monday,"[1.35, 1.35]","[4.7, 4.7]","[3.55, 3.55]","[1.9, 1.9]",0,,,0,,,Exit,Target hit,Target hit,Exit,-20.0
2022-07-26,18.04,1,Short,09:30:00,09:30:00,09:30:00,09:30:00,16556.45,16150.0,16300,16800,16950,2022-07-28 00:00:00,2,Tuesday,7.95,21.3,20.95,6.6,0,42.6,41.9,0,4.260000000000001,4.19,,,,,110.8
2022-07-26,,0,Long,2022-07-28 09:15:00,2022-07-28 09:15:00,2022-07-27 09:27:00,2022-07-27 09:27:00,,16150.0,16300,16800,16950,2022-07-28 00:00:00,2,Tuesday,"[1.2, 1.2]","[2.9, 2.9]","[4.0, 4.0]","[1.75, 1.75]",0,,,0,,,Exit,Target hit,Target hit,Exit,-15.8
2022-07-27,18.54,1,Short,09:30:00,09:30:00,09:30:00,09:30:00,16444.15,16100.0,16250,16650,16750,2022-07-28 00:00:00,1,Wednesday,7.45,22.5,14.85,5.75,0,45.0,29.7,0,4.5,2.97,,,,,96.6
2022-07-27,,0,Long,2022-07-28 09:15:00,2022-07-28 09:15:00,2022-07-27 10:04:00,2022-07-27 10:04:00,,16100.0,16250,16650,16750,2022-07-28 00:00:00,1,Wednesday,"[1.15, 1.15]","[2.25, 2.25]","[30.65, 236.25]","[11.8, 136.3]",0,,,0,,,Exit,Target hit,SL hit,Exit,-323.1
2022-07-28,17.15,1,Short,09:30:00,09:30:00,09:30:00,09:30:00,16782.3,16700.0,16800,16800,16900,2022-07-28 00:00:00,0,Thursday,18.15,54.55,36.7,7.55,0,109.1,73.4,0,10.91,7.340000000000001,,,,,262.2
2022-07-28,,0,Long,2022-07-28 11:40:00,2022-07-28 11:40:00,2022-07-28 10:28:00,2022-07-28 10:28:00,,16700.0,16800,16800,16900,2022-07-28 00:00:00,0,Thursday,"[3.45, 3.45]","[10.65, 10.65]","[73.6, 86.1]","[20.15, 5.7]",0,,,0,,,Exit,Target hit,SL hit,Exit,-323.44999999999993
2022-07-29,16.87,1,Short,09:30:00,09:30:00,09:30:00,09:30:00,17095.45,16350.0,16650,17550,17750,2022-08-04 00:00:00,6,Friday,7.1,20.7,14.25,4.15,0,41.4,28.5,0,4.14,2.85,,,,,94.8
2022-07-29,,0,Long,2022-08-03 09:15:00,2022-08-03 09:15:00,2022-08-01 15:01:00,2022-08-01 15:01:00,,16350.0,16650,17550,17750,2022-08-04 00:00:00,6,Friday,"[2.35, 2.35]","[3.55, 3.55]","[30.05, 0.4]","[6.05, 0.3]",0,,,0,,,Exit,Target hit,SL hit,Exit,-29.099999999999994
2022-08-01,17.45,1,Short,09:30:00,09:30:00,09:30:00,09:30:00,17223.45,16650.0,16900,17500,17650,2022-08-04 00:00:00,3,Monday,9.45,27.55,23.05,7.4,0,55.1,46.1,0,5.510000000000001,4.61,,,,,135.0
2022-08-01,,0,Long,2022-08-03 14:04:00,2022-08-03 14:04:00,2022-08-01 15:05:00,2022-08-01 15:05:00,,16650.0,16900,17500,17650,2022-08-04 00:00:00,3,Monday,"[2.1, 2.1]","[5.5, 5.5]","[46.75, 0.5]","[15.2, 0.3]",0,,,0,,,Exit,Target hit,SL hit,Exit,-45.75
2022-08-02,18.06,1,Short,09:30:00,09:30:00,09:30:00,09:30:00,17317.8,16700.0,17000,17600,17750,2022-08-04 00:00:00,2,Tuesday,7.75,25.25,15.0,4.3,0,50.5,30.0,0,5.050000000000001,3.0,,,,,112.8
2022-08-02,,0,Long,2022-08-04 09:15:00,2022-08-04 09:15:00,2022-08-04 11:14:00,2022-08-04 11:14:00,,16700.0,17000,17600,17750,2022-08-04 00:00:00,2,Tuesday,"[1.3, 1.3]","[1.95, 1.95]","[2.95, 2.95]","[1.0, 1.0]",0,,,0,,,Exit,Target hit,Target hit,Exit,-10.400000000000002
2022-08-03,18.87,1,Short,09:30:00,09:30:00,09:30:00,09:30:00,17357.2,16900.0,17150,17550,17650,2022-08-04 00:00:00,1,Wednesday,8.3,27.5,17.75,6.3,0,55.0,35.5,0,5.5,3.5500000000000003,,,,,122.6
2022-08-03,,0,Long,2022-08-03 10:33:00,2022-08-03 10:33:00,2022-08-04 11:43:00,2022-08-04 11:43:00,,16900.0,17150,17550,17650,2022-08-04 00:00:00,1,Wednesday,"[13.7, 0.25]","[55.0, 0.45]","[3.4, 3.4]","[1.95, 1.95]",0,,,0,,,Exit,SL hit,Target hit,Exit,-47.69999999999999
2022-08-04,18.56,1,Short,09:30:00,09:30:00,09:30:00,09:30:00,17460.4,17350.0,17450,17450,17550,2022-08-04 00:00:00,0,Thursday,13.1,40.5,54.9,16.05,0,81.0,109.8,0,8.1,10.98,,,,,265.0
2022-08-04,,0,Long,2022-08-04 11:17:00,2022-08-04 11:17:00,2022-08-04 11:33:00,2022-08-04 11:33:00,,17350.0,17450,17450,17550,2022-08-04 00:00:00,0,Thursday,"[34.4, 11.0]","[93.1, 93.5]","[9.95, 9.95]","[3.65, 3.65]",0,,,0,,,Exit,SL hit,Target hit,Exit,-331.4
2022-08-05,19.01,1,Short,09:30:00,09:30:00,09:30:00,09:30:00,17445.55,16600.0,16950,17950,18150,2022-08-11 00:00:00,6,Friday,9.75,30.3,16.9,4.95,0,60.6,33.8,0,6.0600000000000005,3.38,,,,,130.0
2022-08-05,,0,Long,2022-08-10 09:15:00,2022-08-10 09:15:00,2022-08-08 15:11:00,2022-08-08 15:11:00,,16600.0,16950,17950,18150,2022-08-11 00:00:00,6,Friday,"[2.25, 2.25]","[5.4, 5.4]","[3.35, 3.35]","[1.25, 1.25]",0,,,0,,,Exit,Target hit,Target hit,Exit,-21.0
2022-08-08,19.82,1,Short,09:30:00,09:30:00,09:30:00,09:30:00,17421.0,16800.0,17050,17750,17900,2022-08-11 00:00:00,3,Monday,7.55,24.5,19.2,6.4,0,49.0,38.4,0,4.9,3.84,,,,,119.0
2022-08-08,,0,Long,2022-08-10 13:01:00,2022-08-10 13:01:00,2022-08-11 13:24:00,2022-08-11 13:24:00,,16800.0,17050,17750,17900,2022-08-11 00:00:00,3,Monday,"[2.4, 2.4]","[4.75, 4.75]","[3.75, 3.75]","[0.6, 0.6]",0,,,0,,,Exit,Target hit,Target hit,Exit,-22.0
2022-08-10,20.04,1,Short,09:30:00,09:30:00,09:30:00,09:30:00,17525.5,17150.0,17350,17750,17850,2022-08-11 00:00:00,1,Wednesday,13.1,37.7,16.9,6.1,0,75.4,33.8,0,7.540000000000001,3.38,,,,,141.60000000000002
2022-08-10,,0,Long,2022-08-11 09:15:00,2022-08-11 09:15:00,2022-08-11 09:15:00,2022-08-11 09:15:00,,17150.0,17350,17750,17850,2022-08-11 00:00:00,1,Wednesday,"[2.25, 2.25]","[4.05, 4.05]","[35.05, 0.3]","[5.25, 0.1]",0,,,0,,,Exit,Target hit,SL hit,Exit,-37.6
2022-08-11,18.92,1,Short,09:30:00,09:30:00,09:30:00,09:30:00,17672.8,17550.0,17650,17650,17750,2022-08-11 00:00:00,0,Thursday,13.35,35.9,67.75,20.65,0,71.8,135.5,0,7.18,13.55,,,,,278.6
2022-08-11,,0,Long,2022-08-11 14:34:00,2022-08-11 14:34:00,2022-08-11 15:00:00,2022-08-11 15:00:00,,17550.0,17650,17650,17750,2022-08-11 00:00:00,0,Thursday,"[0.65, 0.65]","[7.1, 7.1]","[22.85, 22.85]","[0.3, 0.3]",0,,,0,,,Exit,Target hit,Universal exit,Exit,-116.0
2022-08-12,17.98,1,Short,09:30:00,09:30:00,09:30:00,09:30:00,17605.85,16750.0,17100,18100,18350,2022-08-18 00:00:00,6,Friday,3.7,11.45,6.35,2.05,0,22.9,12.7,0,2.29,1.27,,,,,48.19999999999999
2022-08-12,,0,Long,2022-08-17 09:15:00,2022-08-17 09:15:00,2022-08-17 15:01:00,2022-08-17 15:01:00,,16750.0,17100,18100,18350,2022-08-18 00:00:00,6,Friday,"[1.25, 1.25]","[2.0, 2.0]","[12.7, 0.15]","[0.95, 0.1]",0,,,0,,,Exit,Target hit,SL hit,Exit,-14.9
2022-08-16,18.16,1,Short,09:30:00,09:30:00,09:30:00,09:30:00,17802.2,17250.0,17500,18100,18250,2022-08-18 00:00:00,2,Tuesday,4.95,15.25,7.8,2.8,0,30.5,15.6,0,3.0500000000000003,1.56,,,,,61.2
2022-08-16,,0,Long,2022-08-18 09:15:00,2022-08-18 09:15:00,2022-08-18 12:26:00,2022-08-18 12:26:00,,17250.0,17500,18100,18250,2022-08-18 00:00:00,2,Tuesday,"[1.15, 1.15]","[2.9, 2.9]","[1.55, 1.55]","[1.05, 1.05]",0,,,0,,,Exit,Target hit,Target hit,Exit,-8.999999999999998
2022-08-17,17.57,1,Short,09:30:00,09:30:00,09:30:00,09:30:00,17880.5,17500.0,17700,18100,18200,2022-08-18 00:00:00,1,Wednesday,5.55,18.15,6.55,2.3,0,36.3,13.1,0,3.63,1.31,,,,,67.4
2022-08-17,,0,Long,2022-08-18 09:51:00,2022-08-18 09:51:00,2022-08-18 12:32:00,2022-08-18 12:32:00,,17500.0,17700,18100,18200,2022-08-18 00:00:00,1,Wednesday,"[1.55, 1.55]","[3.55, 3.55]","[1.3, 1.3]","[0.95, 0.95]",0,,,0,,,Exit,Target hit,Target hit,Exit,-9.4
2022-08-18,17.84,1,Short,09:30:00,09:30:00,09:30:00,09:30:00,17873.45,17750.0,17850,17850,17950,2022-08-18 00:00:00,0,Thursday,11.55,36.85,59.25,17.5,0,73.7,118.5,0,7.370000000000001,11.85,,,,,268.2
2022-08-18,,0,Long,2022-08-18 13:13:00,2022-08-18 13:13:00,2022-08-18 15:00:00,2022-08-18 15:00:00,,17750.0,17850,17850,17950,2022-08-18 00:00:00,0,Thursday,"[1.6, 1.6]","[7.15, 7.15]","[102.8, 102.8]","[11.35, 11.35]",0,,,0,,,Exit,Target hit,Universal exit,Exit,-388.0
2022-08-19,17.63,1,Short,09:30:00,09:30:00,09:30:00,09:30:00,17962.75,17050.0,17450,18450,18700,2022-08-25 00:00:00,6,Friday,4.0,12.5,5.65,1.85,0,25.0,11.3,0,2.5,1.13,,,,,49.2
2022-08-19,,0,Long,2022-08-19 11:10:00,2022-08-19 11:10:00,2022-08-24 15:28:00,2022-08-24 15:28:00,,17050.0,17450,18450,18700,2022-08-25 00:00:00,6,Friday,"[8.1, 0.1]","[27.45, 1.0]","[1.1, 1.1]","[1.05, 1.05]",0,,,0,,,Exit,SL hit,Target hit,Exit,-22.25
2022-08-22,19.2,1,Short,09:30:00,09:30:00,09:30:00,09:30:00,17619.5,16950.0,17250,17950,18150,2022-08-25 00:00:00,3,Monday,6.5,20.05,20.05,7.15,0,40.1,40.1,0,4.010000000000001,4.010000000000001,,,,,105.8
2022-08-22,,0,Long,2022-08-23 09:15:00,2022-08-23 09:15:00,2022-08-24 11:27:00,2022-08-24 11:27:00,,16950.0,17250,17950,18150,2022-08-25 00:00:00,3,Monday,"[9.0, 0.1]","[50.5, 0.15]","[3.95, 3.95]","[2.0, 2.0]",0,,,0,,,Exit,SL hit,Target hit,Exit,-49.45
2022-08-23,18.83,1,Short,09:30:00,09:30:00,09:30:00,09:30:00,17483.1,17000.0,17200,17800,18100,2022-08-25 00:00:00,2,Tuesday,8.35,23.15,12.85,4.25,0,46.3,25.7,0,4.63,2.5700000000000003,,,,,93.6
2022-08-23,,0,Long,2022-08-24 14:43:00,2022-08-24 14:43:00,2022-08-25 13:10:00,2022-08-25 13:10:00,,17000.0,17200,17800,18100,2022-08-25 00:00:00,2,Tuesday,"[2.7, 2.7]","[4.5, 4.5]","[2.35, 2.35]","[0.25, 0.25]",0,,,0,,,Exit,Target hit,Target hit,Exit,-15.599999999999998
2022-08-24,19.04,1,Short,09:30:00,09:30:00,09:30:00,09:30:00,17573.6,17150.0,17350,17750,17900,2022-08-25 00:00:00,1,Wednesday,6.25,19.75,20.7,6.4,0,39.5,41.4,0,3.95,4.14,,,,,111.20000000000002
2022-08-24,,0,Long,2022-08-25 09:15:00,2022-08-25 09:15:00,2022-08-25 14:21:00,2022-08-25 14:21:00,,17150.0,17350,17750,17900,2022-08-25 00:00:00,1,Wednesday,"[1.25, 1.25]","[2.85, 2.85]","[3.75, 3.75]","[0.4, 0.4]",0,,,0,,,Exit,Target hit,Target hit,Exit,-19.800000000000004
2022-08-25,17.36,1,Short,09:30:00,09:30:00,09:30:00,09:30:00,17695.0,17600.0,17700,17700,17800,2022-08-25 00:00:00,0,Thursday,13.45,40.5,45.6,10.15,0,81.0,91.2,0,8.1,9.12,,,,,250.0
2022-08-25,,0,Long,2022-08-25 14:41:00,2022-08-25 14:41:00,2022-08-25 14:32:00,2022-08-25 14:32:00,,17600.0,17700,17700,17800,2022-08-25 00:00:00,0,Thursday,"[17.45, 28.8]","[82.6, 121.25]","[9.1, 9.1]","[0.75, 0.75]",0,,,0,,,Exit,SL hit,Target hit,Exit,-375.9
2022-08-26,18.06,1,Short,09:30:00,09:30:00,09:30:00,09:30:00,17662.0,16850.0,17150,18150,18350,2022-09-01 00:00:00,6,Friday,5.95,18.8,9.8,3.35,0,37.6,19.6,0,3.76,1.96,,,,,77.2
2022-08-26,,0,Long,2022-08-29 09:15:00,2022-08-29 09:15:00,2022-08-29 15:23:00,2022-08-29 15:23:00,,16850.0,17150,18150,18350,2022-09-01 00:00:00,6,Friday,"[25.05, 0.1]","[80.0, 0.2]","[1.95, 1.95]","[1.6, 1.6]",0,,,0,,,Exit,SL hit,Target hit,Exit,-56.64999999999999
2022-08-29,20.33,1,Short,09:30:00,09:30:00,09:30:00,09:30:00,17242.4,16550.0,16850,17650,17900,2022-09-01 00:00:00,3,Monday,8.65,28.4,17.95,5.65,0,56.8,35.9,0,5.68,3.59,,,,,128.2
2022-08-29,,0,Long,2022-08-30 09:16:00,2022-08-30 09:16:00,2022-08-30 10:49:00,2022-08-30 10:49:00,,16550.0,16850,17650,17900,2022-09-01 00:00:00,3,Monday,"[1.9, 1.9]","[4.05, 4.05]","[36.4, 0.8]","[3.65, 0.15]",0,,,0,,,Exit,Target hit,SL hit,Exit,-43.3
2022-08-30,18.96,1,Short,09:30:00,09:30:00,09:30:00,09:30:00,17453.9,16900.0,17150,17750,17900,2022-09-01 00:00:00,2,Tuesday,5.45,16.3,8.5,3.05,0,32.6,17.0,0,3.26,1.7000000000000002,,,,,65.2
2022-08-30,,0,Long,2022-09-01 09:22:00,2022-09-01 09:22:00,2022-08-30 11:31:00,2022-08-30 11:31:00,,16900.0,17150,17750,17900,2022-09-01 00:00:00,2,Tuesday,"[1.15, 1.15]","[2.7, 2.7]","[19.05, 0.35]","[4.55, 0.15]",0,,,0,,,Exit,Target hit,SL hit,Exit,-21.300000000000004
2022-09-01,19.87,1,Short,09:30:00,09:30:00,09:30:00,09:30:00,17555.15,17400.0,17550,17550,17650,2022-09-01 00:00:00,0,Thursday,21.55,67.1,69.65,28.55,0,134.2,139.3,0,13.42,13.93,,,,,346.6
2022-09-01,,0,Long,2022-09-01 15:00:00,2022-09-01 15:00:00,2022-09-01 10:19:00,2022-09-01 10:19:00,,17400.0,17550,17550,17650,2022-09-01 00:00:00,0,Thursday,"[0.9, 0.9]","[23.05, 23.05]","[142.85, 17.6]","[71.5, 0.8]",0,,,0,,,Exit,Universal exit,SL hit,Exit,-210.35
2022-09-02,19.59,1,Short,09:30:00,09:30:00,09:30:00,09:30:00,17567.65,16700.0,17000,18100,18300,2022-09-08 00:00:00,6,Friday,8.6,25.45,14.7,5.0,0,50.9,29.4,0,5.09,2.94,,,,,106.2
2022-09-02,,0,Long,2022-09-06 09:16:00,2022-09-06 09:16:00,2022-09-07 09:15:00,2022-09-07 09:15:00,,16700.0,17000,18100,18300,2022-09-08 00:00:00,6,Friday,"[2.25, 2.25]","[4.2, 4.2]","[2.8, 2.8]","[1.0, 1.0]",0,,,0,,,Exit,Target hit,Target hit,Exit,-15.0
2022-09-05,19.97,1,Short,09:30:00,09:30:00,09:30:00,09:30:00,17594.8,16950.0,17200,18000,18150,2022-09-08 00:00:00,3,Monday,10.65,30.35,17.45,6.15,0,60.7,34.9,0,6.07,3.49,,,,,124.0
2022-09-05,,0,Long,2022-09-07 11:55:00,2022-09-07 11:55:00,2022-09-07 10:54:00,2022-09-07 10:54:00,,16950.0,17200,18000,18150,2022-09-08 00:00:00,3,Monday,"[2.0, 2.0]","[6.05, 6.05]","[3.45, 3.45]","[2.05, 2.05]",0,,,0,,,Exit,Target hit,Target hit,Exit,-21.8
2022-09-06,19.49,1,Short,09:30:00,09:30:00,09:30:00,09:30:00,17721.85,17150.0,17400,18000,18100,2022-09-08 00:00:00,2,Tuesday,8.6,26.4,20.15,8.2,0,52.8,40.3,0,5.28,4.03,,,,,119.0
2022-09-06,,0,Long,2022-09-06 10:28:00,2022-09-06 10:28:00,2022-09-07 09:16:00,2022-09-07 09:16:00,,17150.0,17400,18000,18100,2022-09-08 00:00:00,2,Tuesday,"[16.65, 0.2]","[53.8, 0.3]","[3.95, 3.95]","[2.2, 2.2]",0,,,0,,,Exit,SL hit,Target hit,Exit,-44.45
2022-09-07,19.59,1,Short,09:30:00,09:30:00,09:30:00,09:30:00,17570.2,17150.0,17350,17750,17900,2022-09-08 00:00:00,1,Wednesday,8.5,29.15,29.95,8.75,0,58.3,59.9,0,5.83,5.99,,,,,167.39999999999998
2022-09-07,,0,Long,2022-09-08 09:15:00,2022-09-08 09:15:00,2022-09-08 09:25:00,2022-09-08 09:25:00,,17150.0,17350,17750,17900,2022-09-08 00:00:00,1,Wednesday,"[1.0, 1.0]","[3.55, 3.55]","[61.2, 48.05]","[7.5, 0.45]",0,,,0,,,Exit,Target hit,SL hit,Exit,-206.7
2022-09-08,18.82,1,Short,09:30:00,09:30:00,09:30:00,09:30:00,17775.35,17650.0,17800,17800,17900,2022-09-08 00:00:00,0,Thursday,16.75,64.95,38.65,9.05,0,129.9,77.3,0,12.990000000000002,7.73,,,,,311.2
2022-09-08,,0,Long,2022-09-08 14:57:00,2022-09-08 14:57:00,2022-09-08 13:01:00,2022-09-08 13:01:00,,17650.0,17800,17800,17900,2022-09-08 00:00:00,0,Thursday,"[0.65, 0.65]","[12.6, 12.6]","[7.5, 7.5]","[1.1, 1.1]",0,,,0,,,Exit,Target hit,Target hit,Exit,-73.4
2022-09-09,17.7,1,Short,09:30:00,09:30:00,09:30:00,09:30:00,17891.05,17100.0,17400,18400,18600,2022-09-15 00:00:00,6,Friday,6.5,18.75,7.85,2.5,0,37.5,15.7,0,3.75,1.57,,,,,70.4
2022-09-09,,0,Long,2022-09-14 14:28:00,2022-09-14 14:28:00,2022-09-14 10:33:00,2022-09-14 10:33:00,,17100.0,17400,18400,18600,2022-09-15 00:00:00,6,Friday,"[2.2, 2.2]","[3.75, 3.75]","[1.55, 1.55]","[1.2, 1.2]",0,,,0,,,Exit,Target hit,Target hit,Exit,-7.599999999999998
2022-09-12,18.04,1,Short,09:30:00,09:30:00,09:30:00,09:30:00,17915.3,17300.0,17550,18250,18400,2022-09-15 00:00:00,3,Monday,8.5,25.15,13.9,4.05,0,50.3,27.8,0,5.03,2.78,,,,,106.0
2022-09-12,,0,Long,2022-09-14 15:26:00,2022-09-14 15:26:00,2022-09-13 09:44:00,2022-09-13 09:44:00,,17300.0,17550,18250,18400,2022-09-15 00:00:00,3,Monday,"[1.95, 1.95]","[4.6, 4.6]","[27.8, 0.15]","[6.2, 0.15]",0,,,0,,,Exit,Target hit,SL hit,Exit,-32.2
2022-09-13,17.68,1,Short,09:30:00,09:30:00,09:30:00,09:30:00,18037.2,17500.0,17750,18350,18450,2022-09-15 00:00:00,2,Tuesday,7.35,23.15,8.8,3.3,0,46.3,17.6,0,4.63,1.7600000000000002,,,,,85.2
2022-09-13,,0,Long,2022-09-14 09:15:00,2022-09-14 09:15:00,2022-09-15 09:16:00,2022-09-15 09:16:00,,17500.0,17750,18350,18450,2022-09-15 00:00:00,2,Tuesday,"[19.5, 0.1]","[89.0, 0.35]","[1.25, 1.25]","[0.85, 0.85]",0,,,0,,,Exit,SL hit,Target hit,Exit,-71.85
2022-09-14,18.26,1,Short,09:30:00,09:30:00,09:30:00,09:30:00,17916.55,17500.0,17700,18100,18200,2022-09-15 00:00:00,1,Wednesday,10.35,30.45,23.55,8.85,0,60.9,47.1,0,6.09,4.71,,,,,139.2
2022-09-14,,0,Long,2022-09-15 09:16:00,2022-09-15 09:16:00,2022-09-14 12:10:00,2022-09-14 12:10:00,,17500.0,17700,18100,18200,2022-09-15 00:00:00,1,Wednesday,"[1.25, 1.25]","[2.9, 2.9]","[52.95, 0.3]","[23.75, 0.1]",0,,,0,,,Exit,Target hit,SL hit,Exit,-36.400000000000006
2022-09-15,18.01,1,Short,09:30:00,09:30:00,09:30:00,09:30:00,18074.9,17900.0,18050,18050,18150,2022-09-15 00:00:00,0,Thursday,11.75,43.7,68.45,22.4,0,87.4,136.9,0,8.74,13.69,,,,,312.0
2022-09-15,,0,Long,2022-09-15 09:56:00,2022-09-15 09:56:00,2022-09-15 10:46:00,2022-09-15 10:46:00,,17900.0,18050,18050,18150,2022-09-15 00:00:00,0,Thursday,"[27.95, 10.15]","[90.05, 138.9]","[13.5, 13.5]","[5.5, 5.5]",0,,,0,,,Exit,SL hit,Target hit,Exit,-480.35
2022-09-16,18.58,1,Short,09:30:00,09:30:00,09:30:00,09:30:00,17785.05,17000.0,17300,18300,18550,2022-09-22 00:00:00,6,Friday,9.9,29.4,12.6,3.9,0,58.8,25.2,0,5.88,2.52,,,,,112.8
2022-09-16,,0,Long,2022-09-16 13:15:00,2022-09-16 13:15:00,2022-09-21 09:15:00,2022-09-21 09:15:00,,17000.0,17300,18300,18550,2022-09-22 00:00:00,6,Friday,"[19.1, 0.1]","[59.9, 0.1]","[2.5, 2.5]","[0.9, 0.9]",0,,,0,,,Exit,SL hit,Target hit,Exit,-47.2
2022-09-19,20.98,1,Short,09:30:00,09:30:00,09:30:00,09:30:00,17468.45,16750.0,17050,17850,18100,2022-09-22 00:00:00,3,Monday,11.65,38.65,38.1,11.8,0,77.3,76.2,0,7.73,7.620000000000001,,,,,213.2
2022-09-19,,0,Long,2022-09-20 09:16:00,2022-09-20 09:16:00,2022-09-20 09:16:00,2022-09-20 09:16:00,,16750.0,17050,17850,18100,2022-09-22 00:00:00,3,Monday,"[2.95, 2.95]","[5.6, 5.6]","[79.75, 0.25]","[16.95, 0.15]",0,,,0,,,Exit,Target hit,SL hit,Exit,-73.69999999999999
2022-09-20,19.13,1,Short,09:30:00,09:30:00,09:30:00,09:30:00,17810.5,17250.0,17500,18100,18250,2022-09-22 00:00:00,2,Tuesday,10.6,31.75,22.85,7.35,0,63.5,45.7,0,6.3500000000000005,4.57,,,,,146.60000000000002
2022-09-20,,0,Long,2022-09-21 12:03:00,2022-09-21 12:03:00,2022-09-22 09:15:00,2022-09-22 09:15:00,,17250.0,17500,18100,18250,2022-09-22 00:00:00,2,Tuesday,"[21.15, 0.05]","[64.2, 0.5]","[3.2, 3.2]","[0.95, 0.95]",0,,,0,,,Exit,SL hit,Target hit,Exit,-53.400000000000006
2022-09-21,19.16,1,Short,09:30:00,09:30:00,09:30:00,09:30:00,17835.7,17400.0,17650,18050,18200,2022-09-22 00:00:00,1,Wednesday,14.85,50.0,28.9,7.35,0,100.0,57.8,0,10.0,5.78,,,,,226.8
2022-09-21,,0,Long,2022-09-21 12:00:00,2022-09-21 12:00:00,2022-09-22 09:15:00,2022-09-22 09:15:00,,17400.0,17650,18050,18200,2022-09-22 00:00:00,1,Wednesday,"[32.6, 0.15]","[100.6, 14.35]","[2.55, 2.55]","[1.0, 1.0]",0,,,0,,,Exit,SL hit,Target hit,Exit,-116.79999999999998
2022-09-22,19.41,1,Short,09:30:00,09:30:00,09:30:00,09:30:00,17662.75,17500.0,17650,17650,17800,2022-09-22 00:00:00,0,Thursday,21.3,65.65,78.0,20.7,0,131.3,156.0,0,13.130000000000004,15.6,,,,,406.6
2022-09-22,,0,Long,2022-09-22 14:05:00,2022-09-22 14:05:00,2022-09-22 11:59:00,2022-09-22 11:59:00,,17500.0,17650,17650,17800,2022-09-22 00:00:00,0,Thursday,"[1.7, 1.7]","[11.95, 11.95]","[14.2, 14.2]","[2.4, 2.4]",0,,,0,,,Exit,Target hit,Target hit,Exit,-88.19999999999999
2022-09-23,19.09,1,Short,09:30:00,09:30:00,09:30:00,09:30:00,17542.55,16750.0,17050,18050,18250,2022-09-29 00:00:00,6,Friday,11.15,34.65,17.6,6.05,0,69.3,35.2,0,6.93,3.5200000000000005,,,,,140.2
2022-09-23,,0,Long,2022-09-23 14:03:00,2022-09-23 14:03:00,2022-09-27 09:16:00,2022-09-27 09:16:00,,16750.0,17050,18050,18250,2022-09-29 00:00:00,6,Friday,"[23.9, 0.65]","[69.6, 210.3]","[3.35, 3.35]","[2.8, 2.8]",0,,,0,,,Exit,SL hit,Target hit,Exit,-676.8500000000001
2022-09-26,21.88,1,Short,09:30:00,09:30:00,09:30:00,09:30:00,17158.55,16450.0,16750,17550,17800,2022-09-29 00:00:00,3,Monday,13.0,39.9,37.2,13.25,0,79.8,74.4,0,7.98,7.440000000000001,,,,,203.4
2022-09-26,,0,Long,2022-09-29 09:16:00,2022-09-29 09:16:00,2022-09-27 14:43:00,2022-09-27 14:43:00,,16450.0,16750,17550,17800,2022-09-29 00:00:00,3,Monday,"[0.9, 0.9]","[4.05, 4.05]","[7.4, 7.4]","[3.95, 3.95]",0,,,0,,,Exit,Target hit,Target hit,Exit,-26.4
2022-09-27,21.58,1,Short,09:30:00,09:30:00,09:30:00,09:30:00,17146.5,16550.0,16800,17500,17750,2022-09-29 00:00:00,2,Tuesday,8.55,28.5,23.8,7.85,0,57.0,47.6,0,5.7,4.760000000000001,,,,,143.6
2022-09-27,,0,Long,2022-09-27 10:52:00,2022-09-27 10:52:00,2022-09-28 09:35:00,2022-09-28 09:35:00,,16550.0,16800,17500,17750,2022-09-29 00:00:00,2,Tuesday,"[16.45, 0.1]","[57.05, 4.2]","[4.65, 4.65]","[3.5, 3.5]",0,,,0,,,Exit,SL hit,Target hit,Exit,-57.5
2022-09-28,21.96,1,Short,09:30:00,09:30:00,09:30:00,09:30:00,16882.9,16450.0,16650,17150,17400,2022-09-29 00:00:00,1,Wednesday,8.8,30.65,20.7,6.45,0,61.3,41.4,0,6.13,4.14,,,,,144.39999999999998
2022-09-28,,0,Long,2022-09-29 09:15:00,2022-09-29 09:15:00,2022-09-29 10:35:00,2022-09-29 10:35:00,,16450.0,16650,17150,17400,2022-09-29 00:00:00,1,Wednesday,"[1.8, 1.8]","[5.4, 5.4]","[4.0, 4.0]","[0.8, 0.8]",0,,,0,,,Exit,Target hit,Target hit,Exit,-27.200000000000003
2022-09-29,21.53,1,Short,09:30:00,09:30:00,09:30:00,09:30:00,16974.05,16850.0,16950,16950,17050,2022-09-29 00:00:00,0,Thursday,16.7,44.35,72.6,28.85,0,88.7,145.2,0,8.870000000000001,14.52,,,,,285.6
2022-09-29,,0,Long,2022-09-29 11:58:00,2022-09-29 11:58:00,2022-09-29 12:36:00,2022-09-29 12:36:00,,16850.0,16950,16950,17050,2022-09-29 00:00:00,0,Thursday,"[34.05, 20.0]","[90.5, 110.0]","[12.0, 12.0]","[3.35, 3.35]",0,,,0,,,Exit,SL hit,Target hit,Exit,-361.05
2022-09-30,21.52,1,Short,09:30:00,09:30:00,09:30:00,09:30:00,16778.25,15900.0,16250,17350,17550,2022-10-06 00:00:00,6,Friday,13.7,41.2,17.25,5.9,0,82.4,34.5,0,8.24,3.45,,,,,155.4
2022-09-30,,0,Long,2022-09-30 14:23:00,2022-09-30 14:23:00,2022-09-30 12:01:00,2022-09-30 12:01:00,,15900.0,16250,17350,17550,2022-10-06 00:00:00,6,Friday,"[4.25, 4.25]","[8.2, 8.2]","[34.65, 13.95]","[9.8, 0.1]",0,,,0,,,Exit,Target hit,SL hit,Exit,-82.19999999999999
2022-01-03,16.55,1,Short,09:30:00,09:30:00,09:30:00,09:30:00,17462.7,16850.0,17150,17750,17850,2022-01-06 00:00:00,3,Monday,7.5,23.65,13.65,5.35,0,47.3,27.3,0,4.73,2.7300000000000004,,,,,97.79999999999998
2022-01-03,,0,Long,2022-01-04 14:38:00,2022-01-04 14:38:00,2022-01-03 12:42:00,2022-01-03 12:42:00,,16850.0,17150,17750,17850,2022-01-06 00:00:00,3,Monday,"[2.5, 2.5]","[4.65, 4.65]","[31.4, 13.4]","[13.6, 0.4]",0,,,0,,,Exit,Target hit,SL hit,Exit,-65.4
2022-01-04,16.56,1,Short,09:30:00,09:30:00,09:30:00,09:30:00,17688.15,17200.0,17450,17950,18100,2022-01-06 00:00:00,2,Tuesday,7.65,24.85,17.55,6.45,0,49.7,35.1,0,4.970000000000001,3.51,,,,,113.20000000000002
2022-01-04,,0,Long,2022-01-05 12:10:00,2022-01-05 12:10:00,2022-01-05 12:45:00,2022-01-05 12:45:00,,17200.0,17450,17950,18100,2022-01-06 00:00:00,2,Tuesday,"[3.3, 3.3]","[4.8, 4.8]","[36.0, 0.25]","[5.75, 0.15]",0,,,0,,,Exit,Target hit,SL hit,Exit,-36.55
2022-01-05,16.51,1,Short,09:30:00,09:30:00,09:30:00,09:30:00,17821.95,17350.0,17600,18000,18100,2022-01-06 00:00:00,1,Wednesday,6.4,18.2,11.8,4.1,0,36.4,23.6,0,3.64,2.3600000000000003,,,,,78.0
2022-01-05,,0,Long,2022-01-06 12:57:00,2022-01-06 12:57:00,2022-01-05 12:53:00,2022-01-05 12:53:00,,17350.0,17600,18000,18100,2022-01-06 00:00:00,1,Wednesday,"[0.55, 0.55]","[3.15, 3.15]","[24.0, 0.2]","[6.85, 0.15]",0,,,0,,,Exit,Target hit,SL hit,Exit,-27.700000000000003
2022-01-06,18.15,1,Short,09:30:00,09:30:00,09:30:00,09:30:00,17719.85,17600.0,17700,17700,17800,2022-01-06 00:00:00,0,Thursday,13.75,40.0,61.6,18.45,0,80.0,123.2,0,8.0,12.32,,,,,277.6
2022-01-06,,0,Long,2022-01-06 13:41:00,2022-01-06 13:41:00,2022-01-06 12:32:00,2022-01-06 12:32:00,,17600.0,17700,17700,17800,2022-01-06 00:00:00,0,Thursday,"[1.15, 1.15]","[7.45, 7.45]","[12.15, 12.15]","[1.9, 1.9]",0,,,0,,,Exit,Target hit,Target hit,Exit,-66.2
2022-01-07,17.88,1,Short,09:30:00,09:30:00,09:30:00,09:30:00,17858.0,16900.0,17350,18350,18550,2022-01-13 00:00:00,6,Friday,7.25,21.6,15.15,5.1,0,43.2,30.3,0,4.32,3.03,,,,,97.6
2022-01-07,,0,Long,2022-01-11 09:15:00,2022-01-11 09:15:00,2022-01-13 10:03:00,2022-01-13 10:03:00,,16900.0,17350,18350,18550,2022-01-13 00:00:00,6,Friday,"[1.4, 1.4]","[2.15, 2.15]","[2.95, 2.95]","[0.5, 0.5]",0,,,0,,,Exit,Target hit,Target hit,Exit,-12.8
2022-01-10,18.34,1,Short,09:30:00,09:30:00,09:30:00,09:30:00,17888.25,17300.0,17550,18250,18400,2022-01-13 00:00:00,3,Monday,9.25,29.15,18.05,6.7,0,58.3,36.1,0,5.83,3.61,,,,,125.0
2022-01-10,,0,Long,2022-01-11 14:20:00,2022-01-11 14:20:00,2022-01-12 09:16:00,2022-01-12 09:16:00,,17300.0,17550,18250,18400,2022-01-13 00:00:00,3,Monday,"[2.55, 2.55]","[5.75, 5.75]","[38.85, 1.1]","[7.2, 0.1]",0,,,0,,,Exit,Target hit,SL hit,Exit,-47.45
2022-01-11,18.12,1,Short,09:30:00,09:30:00,09:30:00,09:30:00,18027.3,17500.0,17750,18350,18500,2022-01-13 00:00:00,2,Tuesday,8.8,28.4,12.25,3.5,0,56.8,24.5,0,5.68,2.45,,,,,113.4
2022-01-11,,0,Long,2022-01-12 09:16:00,2022-01-12 09:16:00,2022-01-13 10:10:00,2022-01-13 10:10:00,,17500.0,17750,18350,18500,2022-01-13 00:00:00,2,Tuesday,"[2.35, 2.35]","[5.0, 5.0]","[2.35, 2.35]","[0.7, 0.7]",0,,,0,,,Exit,Target hit,Target hit,Exit,-17.199999999999996
2022-01-12,17.61,1,Short,09:30:00,09:30:00,09:30:00,09:30:00,18152.05,17750.0,17950,18350,18450,2022-01-13 00:00:00,1,Wednesday,5.4,16.3,10.7,3.2,0,32.6,21.4,0,3.26,2.14,,,,,73.6
2022-01-12,,0,Long,2022-01-13 09:15:00,2022-01-13 09:15:00,2022-01-13 10:36:00,2022-01-13 10:36:00,,17750.0,17950,18350,18450,2022-01-13 00:00:00,1,Wednesday,"[1.4, 1.4]","[3.0, 3.0]","[2.05, 2.05]","[0.85, 0.85]",0,,,0,,,Exit,Target hit,Target hit,Exit,-11.2
2022-01-13,17.36,1,Short,09:30:00,09:30:00,09:30:00,09:30:00,18248.8,18150.0,18250,18250,18300,2022-01-13 00:00:00,0,Thursday,13.2,43.05,38.7,18.4,0,86.1,77.4,0,8.61,7.740000000000001,,,,,200.6
2022-01-13,,0,Long,2022-01-13 10:41:00,2022-01-13 10:41:00,2022-01-13 13:18:00,2022-01-13 13:18:00,,18150.0,18250,18250,18300,2022-01-13 00:00:00,0,Thursday,"[30.0, 0.6]","[86.9, 29.65]","[7.7, 7.7]","[2.25, 2.25]",0,,,0,,,Exit,SL hit,Target hit,Exit,-165.84999999999997
2022-01-14,16.99,1,Short,09:30:00,09:30:00,09:30:00,09:30:00,18186.5,17450.0,17750,18650,18850,2022-01-20 00:00:00,6,Friday,8.1,24.95,10.65,3.35,0,49.9,21.3,0,4.99,2.1300000000000003,,,,,96.6
2022-01-14,,0,Long,2022-01-17 14:40:00,2022-01-17 14:40:00,2022-01-19 09:15:00,2022-01-19 09:15:00,,17450.0,17750,18650,18850,2022-01-20 00:00:00,6,Friday,"[2.7, 2.7]","[4.85, 4.85]","[2.0, 2.0]","[1.25, 1.25]",0,,,0,,,Exit,Target hit,Target hit,Exit,-11.599999999999998
2022-01-17,17.18,1,Short,09:30:00,09:30:00,09:30:00,09:30:00,18257.95,17700.0,17900,18600,18750,2022-01-20 00:00:00,3,Monday,6.6,18.4,16.1,5.5,0,36.8,32.2,0,3.68,3.2200000000000006,,,,,89.6
2022-01-17,,0,Long,2022-01-19 09:17:00,2022-01-19 09:17:00,2022-01-19 09:15:00,2022-01-19 09:15:00,,17700.0,17900,18600,18750,2022-01-20 00:00:00,3,Monday,"[9.2, 5.45]","[38.4, 184.35]","[2.4, 2.4]","[1.85, 1.85]",0,,,0,,,Exit,SL hit,Target hit,Exit,-568.0999999999999
2022-01-18,16.86,1,Short,09:30:00,09:30:00,09:30:00,09:30:00,18341.8,17900.0,18100,18600,18700,2022-01-20 00:00:00,2,Tuesday,6.6,20.05,10.55,3.5,0,40.1,21.1,0,4.010000000000001,2.1100000000000003,,,,,82.0
2022-01-18,,0,Long,2022-01-18 09:58:00,2022-01-18 09:58:00,2022-01-19 10:22:00,2022-01-19 10:22:00,,17900.0,18100,18600,18700,2022-01-20 00:00:00,2,Tuesday,"[12.95, 184.35]","[44.15, 380.05]","[2.1, 2.1]","[1.65, 1.65]",0,,,0,,,Exit,SL hit,Target hit,Exit,-620.1000000000001
2022-01-19,18.07,1,Short,09:30:00,09:30:00,09:30:00,09:30:00,18081.45,17750.0,17900,18300,18450,2022-01-20 00:00:00,1,Wednesday,8.65,26.7,13.35,3.95,0,53.4,26.7,0,5.34,2.67,,,,,109.79999999999998
2022-01-19,,0,Long,2022-01-19 09:44:00,2022-01-19 09:44:00,2022-01-20 09:15:00,2022-01-20 09:15:00,,17750.0,17900,18300,18450,2022-01-20 00:00:00,1,Wednesday,"[16.85, 36.3]","[53.55, 184.35]","[1.8, 1.8]","[1.45, 1.45]",0,,,0,,,Exit,SL hit,Target hit,Exit,-482.25
2022-01-20,18.03,1,Short,09:30:00,09:30:00,09:30:00,09:30:00,17876.45,17800.0,17900,17900,18000,2022-01-20 00:00:00,0,Thursday,18.1,56.2,35.05,8.7,0,112.4,70.1,0,11.240000000000002,7.01,,,,,257.8
2022-01-20,,0,Long,2022-01-20 11:31:00,2022-01-20 11:31:00,2022-01-20 11:41:00,2022-01-20 11:41:00,,17800.0,17900,17900,18000,2022-01-20 00:00:00,0,Thursday,"[43.15, 84.45]","[114.85, 184.35]","[6.5, 6.5]","[2.25, 2.25]",0,,,0,,,Exit,SL hit,Target hit,Exit,-388.4
2022-01-21,19.46,1,Short,09:30:00,09:30:00,09:30:00,09:30:00,17554.05,16650.0,17050,18050,18300,2022-01-27 00:00:00,6,Friday,12.85,39.8,23.25,8.25,0,79.6,46.5,0,7.96,4.65,,,,,167.79999999999998
2022-01-21,,0,Long,2022-01-24 12:22:00,2022-01-24 12:22:00,2022-01-24 15:22:00,2022-01-24 15:22:00,,16650.0,17050,18050,18300,2022-01-27 00:00:00,6,Friday,"[24.75, 0.3]","[84.95, 5.25]","[4.5, 4.5]","[3.7, 3.7]",0,,,0,,,Exit,SL hit,Target hit,Exit,-78.25
2022-01-24,20.89,1,Short,09:30:00,09:30:00,09:30:00,09:30:00,17467.1,16750.0,17050,17850,18050,2022-01-27 00:00:00,3,Monday,8.85,28.6,26.7,9.15,0,57.2,53.4,0,5.720000000000001,5.34,,,,,149.2
2022-01-24,,0,Long,2022-01-24 11:58:00,2022-01-24 11:58:00,2022-01-25 09:16:00,2022-01-25 09:16:00,,16750.0,17050,17850,18050,2022-01-27 00:00:00,3,Monday,"[19.0, 0.35]","[59.0, 5.25]","[4.6, 4.6]","[3.6, 3.6]",0,,,0,,,Exit,SL hit,Target hit,Exit,-58.70000000000001
2022-01-25,23.8,1,Short,09:30:00,09:30:00,09:30:00,09:30:00,16982.0,16200.0,16650,17350,17600,2022-01-27 00:00:00,2,Tuesday,22.8,70.35,34.1,11.7,0,140.7,68.2,0,14.07,6.82,,,,,279.79999999999995
2022-01-25,,0,Long,2022-01-25 13:51:00,2022-01-25 13:51:00,2022-01-25 10:01:00,2022-01-25 10:01:00,,16200.0,16650,17350,17600,2022-01-27 00:00:00,2,Tuesday,"[4.55, 4.55]","[13.8, 13.8]","[70.0, 0.35]","[21.7, 0.2]",0,,,0,,,Exit,Target hit,SL hit,Exit,-85.75
2022-01-27,23.01,1,Short,09:30:00,09:30:00,09:30:00,09:30:00,17015.6,16800.0,17000,17000,17150,2022-01-27 00:00:00,0,Thursday,24.75,80.0,82.2,22.15,0,160.0,164.4,0,16.0,16.44,,,,,461.19999999999993
2022-01-27,,0,Long,2022-01-27 13:50:00,2022-01-27 13:50:00,2022-01-27 12:02:00,2022-01-27 12:02:00,,16800.0,17000,17000,17150,2022-01-27 00:00:00,0,Thursday,"[1.6, 1.6]","[15.8, 15.8]","[15.95, 15.95]","[2.7, 2.7]",0,,,0,,,Exit,Target hit,Target hit,Exit,-109.8
2022-01-28,20.94,1,Short,09:30:00,09:30:00,09:30:00,09:30:00,17269.15,16300.0,16700,17800,18150,2022-02-03 00:00:00,6,Friday,22.45,65.8,76.5,26.9,0,131.6,153.0,0,13.16,15.3,,,,,371.80000000000007
2022-01-28,,0,Long,2022-02-01 12:39:00,2022-02-01 12:39:00,2022-02-03 09:37:00,2022-02-03 09:37:00,,16300.0,16700,17800,18150,2022-02-03 00:00:00,6,Friday,"[4.4, 4.4]","[10.85, 10.85]","[15.0, 15.0]","[0.75, 0.75]",0,,,0,,,Exit,Target hit,Target hit,Exit,-82.79999999999998
2022-01-31,21.87,1,Short,09:30:00,09:30:00,09:30:00,09:30:00,17312.1,16500.0,16900,17700,18050,2022-02-03 00:00:00,3,Monday,30.35,89.95,85.7,28.55,0,179.9,171.4,0,17.990000000000002,17.14,,,,,467.0
2022-01-31,,0,Long,2022-02-01 12:41:00,2022-02-01 12:41:00,2022-02-01 10:09:00,2022-02-01 10:09:00,,16500.0,16900,17700,18050,2022-02-03 00:00:00,3,Monday,"[5.35, 5.35]","[17.85, 17.85]","[174.0, 0.4]","[68.0, 0.1]",0,,,0,,,Exit,Target hit,SL hit,Exit,-156.9
2022-02-01,21.77,1,Short,09:30:00,09:30:00,09:30:00,09:30:00,17514.8,16750.0,17150,17850,18200,2022-02-03 00:00:00,2,Tuesday,32.75,94.45,86.9,26.85,0,188.9,173.8,0,18.89,17.380000000000003,,,,,487.0000000000001
2022-02-01,,0,Long,2022-02-01 15:17:00,2022-02-01 15:17:00,2022-02-03 09:16:00,2022-02-03 09:16:00,,16750.0,17150,17850,18200,2022-02-03 00:00:00,2,Tuesday,"[4.9, 4.9]","[17.25, 17.25]","[15.55, 15.55]","[0.9, 0.9]",0,,,0,,,Exit,Target hit,Target hit,Exit,-108.0
2022-02-02,19.33,1,Short,09:30:00,09:30:00,09:30:00,09:30:00,17726.9,17400.0,17550,17950,18100,2022-02-03 00:00:00,1,Wednesday,12.55,34.1,24.85,7.9,0,68.2,49.7,0,6.82,4.970000000000001,,,,,154.0
2022-02-02,,0,Long,2022-02-03 09:15:00,2022-02-03 09:15:00,2022-02-03 09:16:00,2022-02-03 09:16:00,,17400.0,17550,17950,18100,2022-02-03 00:00:00,1,Wednesday,"[2.6, 2.6]","[4.85, 4.85]","[3.5, 3.5]","[0.95, 0.95]",0,,,0,,,Exit,Target hit,Target hit,Exit,-19.2
2022-02-03,18.5,1,Short,09:30:00,09:30:00,09:30:00,09:30:00,17741.05,17650.0,17750,17750,17850,2022-02-03 00:00:00,0,Thursday,14.4,47.65,38.5,8.9,0,95.3,77.0,0,9.53,7.7,,,,,251.40000000000003
2022-02-03,,0,Long,2022-02-03 11:40:00,2022-02-03 11:40:00,2022-02-03 11:58:00,2022-02-03 11:58:00,,17650.0,17750,17750,17850,2022-02-03 00:00:00,0,Thursday,"[31.9, 55.0]","[95.55, 152.25]","[7.45, 7.45]","[1.65, 1.65]",0,,,0,,,Exit,SL hit,Target hit,Exit,-378.6
2022-02-04,19.21,1,Short,09:30:00,09:30:00,09:30:00,09:30:00,17576.5,16700.0,17100,18100,18300,2022-02-10 00:00:00,6,Friday,14.0,40.8,12.8,4.4,0,81.6,25.6,0,8.16,2.5600000000000005,,,,,140.79999999999998
2022-02-04,,0,Long,2022-02-07 13:36:00,2022-02-07 13:36:00,2022-02-08 12:11:00,2022-02-08 12:11:00,,16700.0,17100,18100,18300,2022-02-10 00:00:00,6,Friday,"[13.9, 0.1]","[82.55, 0.2]","[2.55, 2.55]","[2.0, 2.0]",0,,,0,,,Exit,SL hit,Target hit,Exit,-71.14999999999999
2022-02-07,19.62,1,Short,09:30:00,09:30:00,09:30:00,09:30:00,17459.6,16800.0,17100,17800,18000,2022-02-10 00:00:00,3,Monday,9.9,33.5,21.6,7.25,0,67.0,43.2,0,6.7,4.32,,,,,151.8
2022-02-07,,0,Long,2022-02-07 12:04:00,2022-02-07 12:04:00,2022-02-08 10:30:00,2022-02-08 10:30:00,,16800.0,17100,17800,18000,2022-02-10 00:00:00,3,Monday,"[19.55, 0.15]","[67.45, 0.2]","[4.25, 4.25]","[2.95, 2.95]",0,,,0,,,Exit,SL hit,Target hit,Exit,-53.25
2022-02-08,20.16,1,Short,09:30:00,09:30:00,09:30:00,09:30:00,17241.65,16700.0,16950,17550,17750,2022-02-10 00:00:00,2,Tuesday,13.3,39.95,22.8,6.9,0,79.9,45.6,0,7.990000000000001,4.5600000000000005,,,,,170.2
2022-02-08,,0,Long,2022-02-08 10:56:00,2022-02-08 10:56:00,2022-02-10 10:39:00,2022-02-10 10:39:00,,16700.0,16950,17550,17750,2022-02-10 00:00:00,2,Tuesday,"[28.9, 0.1]","[81.2, 0.15]","[46.0, 64.75]","[0.8, 0.1]",0,,,0,,,Exit,SL hit,SL hit,Exit,-291.6
2022-02-09,19.02,1,Short,09:30:00,09:30:00,09:30:00,09:30:00,17413.35,16950.0,17200,17600,17750,2022-02-10 00:00:00,1,Wednesday,6.25,20.2,20.15,6.1,0,40.4,40.3,0,4.04,4.03,,,,,111.99999999999996
2022-02-09,,0,Long,2022-02-10 09:15:00,2022-02-10 09:15:00,2022-02-10 11:50:00,2022-02-10 11:50:00,,16950.0,17200,17600,17750,2022-02-10 00:00:00,1,Wednesday,"[0.65, 0.65]","[3.7, 3.7]","[41.25, 22.9]","[1.4, 0.1]",0,,,0,,,Exit,Target hit,SL hit,Exit,-120.45
2022-02-10,18.67,1,Short,09:30:00,09:30:00,09:30:00,09:30:00,17484.7,17400.0,17500,17500,17600,2022-02-10 00:00:00,0,Thursday,21.6,57.85,49.8,15.4,0,115.7,99.6,0,11.57,9.96,,,,,282.6
2022-02-10,,0,Long,2022-02-10 11:31:00,2022-02-10 11:31:00,2022-02-10 11:05:00,2022-02-10 11:05:00,,17400.0,17500,17500,17600,2022-02-10 00:00:00,0,Thursday,"[3.4, 3.4]","[10.25, 10.25]","[103.45, 114.15]","[32.5, 22.9]",0,,,0,,,Exit,Target hit,SL hit,Exit,-372.1
2022-02-11,18.94,1,Short,09:30:00,09:30:00,09:30:00,09:30:00,17416.55,16500.0,16900,17900,18150,2022-02-17 00:00:00,6,Friday,9.75,29.7,13.85,4.35,0,59.4,27.7,0,5.94,2.77,,,,,117.79999999999998
2022-02-11,,0,Long,2022-02-14 09:15:00,2022-02-14 09:15:00,2022-02-15 09:31:00,2022-02-15 09:31:00,,16500.0,16900,17900,18150,2022-02-17 00:00:00,6,Friday,"[38.9, 0.1]","[60.0, 0.2]","[2.75, 2.75]","[2.05, 2.05]",0,,,0,,,Exit,SL hit,Target hit,Exit,-24.200000000000003
2022-02-14,21.92,1,Short,09:30:00,09:30:00,09:30:00,09:30:00,16987.6,16100.0,16600,17400,17600,2022-02-17 00:00:00,3,Monday,28.65,85.9,39.75,13.6,0,171.8,79.5,0,17.180000000000003,7.95,,,,,333.6
2022-02-14,,0,Long,2022-02-15 13:50:00,2022-02-15 13:50:00,2022-02-15 10:06:00,2022-02-15 10:06:00,,16100.0,16600,17400,17600,2022-02-17 00:00:00,3,Monday,"[5.95, 5.95]","[16.7, 16.7]","[7.75, 7.75]","[4.2, 4.2]",0,,,0,,,Exit,Target hit,Target hit,Exit,-57.2
2022-02-15,22.22,1,Short,09:30:00,09:30:00,09:30:00,09:30:00,16943.75,16200.0,16600,17300,17500,2022-02-17 00:00:00,2,Tuesday,17.15,53.9,25.1,8.2,0,107.8,50.2,0,10.78,5.0200000000000005,,,,,214.6
2022-02-15,,0,Long,2022-02-15 14:32:00,2022-02-15 14:32:00,2022-02-15 12:01:00,2022-02-15 12:01:00,,16200.0,16600,17300,17500,2022-02-17 00:00:00,2,Tuesday,"[4.35, 4.35]","[10.7, 10.7]","[53.1, 31.7]","[18.4, 0.25]",0,,,0,,,Exit,Target hit,SL hit,Exit,-154.45
2022-02-16,20.13,1,Short,09:30:00,09:30:00,09:30:00,09:30:00,17389.25,16950.0,17200,17600,17750,2022-02-17 00:00:00,1,Wednesday,12.0,35.25,25.9,9.05,0,70.5,51.8,0,7.050000000000001,5.18,,,,,160.39999999999998
2022-02-16,,0,Long,2022-02-16 10:59:00,2022-02-16 10:59:00,2022-02-16 15:30:00,2022-02-16 15:30:00,,16950.0,17200,17600,17750,2022-02-17 00:00:00,1,Wednesday,"[25.45, 0.2]","[73.25, 0.6]","[5.0, 5.0]","[2.5, 2.5]",0,,,0,,,Exit,SL hit,Target hit,Exit,-58.99999999999999
2022-02-17,20.72,1,Short,09:30:00,09:30:00,09:30:00,09:30:00,17365.4,17200.0,17350,17350,17450,2022-02-17 00:00:00,0,Thursday,17.6,55.25,67.15,25.25,0,110.5,134.3,0,11.05,13.43,,,,,318.20000000000005
2022-02-17,,0,Long,2022-02-17 09:39:00,2022-02-17 09:39:00,2022-02-17 14:44:00,2022-02-17 14:44:00,,17200.0,17350,17350,17450,2022-02-17 00:00:00,0,Thursday,"[48.0, 0.6]","[115.85, 31.15]","[9.5, 9.5]","[0.5, 0.5]",0,,,0,,,Exit,SL hit,Target hit,Exit,-195.5
2022-02-18,23.04,1,Short,09:30:00,09:30:00,09:30:00,09:30:00,17287.7,16150.0,16700,17900,18100,2022-02-24 00:00:00,6,Friday,23.35,70.2,17.9,5.7,0,140.4,35.8,0,14.04,3.58,,,,,236.2
2022-02-18,,0,Long,2022-02-23 09:16:00,2022-02-23 09:16:00,2022-02-21 14:36:00,2022-02-21 14:36:00,,16150.0,16700,17900,18100,2022-02-24 00:00:00,6,Friday,"[2.65, 2.65]","[13.95, 13.95]","[3.5, 3.5]","[1.9, 1.9]",0,,,0,,,Exit,Target hit,Target hit,Exit,-51.6
2022-02-21,23.43,1,Short,09:30:00,09:30:00,09:30:00,09:30:00,17110.05,16250.0,16650,17550,17750,2022-02-24 00:00:00,3,Monday,16.15,50.4,29.95,9.55,0,100.8,59.9,0,10.08,5.99,,,,,218.6
2022-02-21,,0,Long,2022-02-23 09:18:00,2022-02-23 09:18:00,2022-02-21 12:10:00,2022-02-21 12:10:00,,16250.0,16650,17550,17750,2022-02-24 00:00:00,3,Monday,"[3.35, 3.35]","[10.05, 10.05]","[61.15, 0.15]","[20.0, 0.05]",0,,,0,,,Exit,Target hit,SL hit,Exit,-68.25000000000001
2022-02-22,27.23,1,Short,09:30:00,09:30:00,09:30:00,09:30:00,16917.05,16100.0,16500,17300,17500,2022-02-24 00:00:00,2,Tuesday,20.25,57.85,31.1,11.55,0,115.7,62.2,0,11.57,6.220000000000001,,,,,228.6
2022-02-22,,0,Long,2022-02-23 09:16:00,2022-02-23 09:16:00,2022-02-22 14:32:00,2022-02-22 14:32:00,,16100.0,16500,17300,17500,2022-02-24 00:00:00,2,Tuesday,"[2.45, 2.45]","[6.8, 6.8]","[65.55, 0.1]","[20.3, 0.15]",0,,,0,,,Exit,Target hit,SL hit,Exit,-62.49999999999999
2022-02-23,25.0,1,Short,09:30:00,09:30:00,09:30:00,09:30:00,17215.85,16650.0,16950,17450,17600,2022-02-24 00:00:00,1,Wednesday,9.8,30.55,21.25,6.15,0,61.1,42.5,0,6.11,4.25,,,,,143.39999999999998
2022-02-23,,0,Long,2022-02-24 09:15:00,2022-02-24 09:15:00,2022-02-23 14:38:00,2022-02-23 14:38:00,,16650.0,16950,17450,17600,2022-02-24 00:00:00,1,Wednesday,"[158.65, 316.6]","[254.55, 618.25]","[4.2, 4.2]","[1.9, 1.9]",0,,,0,,,Exit,SL hit,Target hit,Exit,-1010.0499999999996
2022-02-24,30.14,1,Short,09:30:00,09:30:00,09:30:00,09:30:00,16638.05,16400.0,16650,16650,16800,2022-02-24 00:00:00,0,Thursday,31.65,102.95,92.2,32.1,0,205.9,184.4,0,20.590000000000003,18.44,,,,,525.6
2022-02-24,,0,Long,2022-02-24 09:48:00,2022-02-24 09:48:00,2022-02-24 12:33:00,2022-02-24 12:33:00,,16400.0,16650,16650,16800,2022-02-24 00:00:00,0,Thursday,"[69.7, 70.7]","[210.3, 316.6]","[18.15, 18.15]","[2.5, 2.5]",0,,,0,,,Exit,SL hit,Target hit,Exit,-940.9
2022-02-25,26.88,1,Short,09:30:00,09:30:00,09:30:00,09:30:00,16585.85,15250.0,15900,17300,17550,2022-03-03 00:00:00,6,Friday,27.0,84.85,21.9,7.45,0,169.7,43.8,0,16.97,4.38,,,,,289.2
2022-02-25,,0,Long,2022-03-02 15:12:00,2022-03-02 15:12:00,2022-03-02 11:53:00,2022-03-02 11:53:00,,15250.0,15900,17300,17550,2022-03-03 00:00:00,6,Friday,"[2.8, 2.8]","[16.4, 16.4]","[4.1, 4.1]","[2.0, 2.0]",0,,,0,,,Exit,Target hit,Target hit,Exit,-62.8
2022-02-28,29.57,1,Short,09:30:00,09:30:00,09:30:00,09:30:00,16368.3,15250.0,15850,16850,17100,2022-03-03 00:00:00,3,Monday,32.65,101.85,49.3,15.35,0,203.7,98.6,0,20.37,9.86,,,,,412.5999999999999
2022-02-28,,0,Long,2022-03-02 10:16:00,2022-03-02 10:16:00,2022-02-28 11:01:00,2022-02-28 11:01:00,,15250.0,15850,16850,17100,2022-03-03 00:00:00,3,Monday,"[4.15, 4.15]","[19.05, 19.05]","[105.45, 0.3]","[36.2, 0.15]",0,,,0,,,Exit,Target hit,SL hit,Exit,-129.3
2022-03-02,29.95,1,Short,09:30:00,09:30:00,09:30:00,09:30:00,16676.25,15900.0,16400,17000,17200,2022-03-03 00:00:00,1,Wednesday,38.6,118.7,53.2,17.65,0,237.4,106.4,0,23.74,10.64,,,,,462.6
2022-03-02,,0,Long,2022-03-03 09:16:00,2022-03-03 09:16:00,2022-03-02 14:22:00,2022-03-02 14:22:00,,15900.0,16400,17000,17200,2022-03-03 00:00:00,1,Wednesday,"[1.65, 1.65]","[10.1, 10.1]","[10.55, 10.55]","[4.45, 4.45]",0,,,0,,,Exit,Target hit,Target hit,Exit,-58.2
2022-03-03,27.63,1,Short,09:30:00,09:30:00,09:30:00,09:30:00,16689.1,16550.0,16700,16700,16800,2022-03-03 00:00:00,0,Thursday,29.3,78.05,67.3,27.4,0,156.1,134.6,0,15.61,13.46,,,,,354.6
2022-03-03,,0,Long,2022-03-03 12:31:00,2022-03-03 12:31:00,2022-03-03 12:22:00,2022-03-03 12:22:00,,16550.0,16700,16700,16800,2022-03-03 00:00:00,0,Thursday,"[57.25, 51.3]","[159.1, 197.65]","[12.3, 12.3]","[3.15, 3.15]",0,,,0,,,Exit,SL hit,Target hit,Exit,-577.5
2022-03-04,29.1,1,Short,09:30:00,09:30:00,09:30:00,09:30:00,16271.35,15000.0,15550,16950,17200,2022-03-10 00:00:00,6,Friday,24.1,76.8,35.7,12.75,0,153.6,71.4,0,15.36,7.140000000000001,,,,,302.6
2022-03-04,,0,Long,2022-03-07 14:15:00,2022-03-07 14:15:00,2022-03-07 13:15:00,2022-03-07 13:15:00,,15000.0,15550,16950,17200,2022-03-10 00:00:00,6,Friday,"[42.0, 0.05]","[156.4, 0.1]","[7.1, 7.1]","[3.5, 3.5]",0,,,0,,,Exit,SL hit,Target hit,Exit,-128.95000000000002
2022-03-07,29.8,1,Short,09:30:00,09:30:00,09:30:00,09:30:00,15826.05,14900.0,15350,16350,16700,2022-03-10 00:00:00,3,Monday,29.05,83.6,49.7,17.25,0,167.2,99.4,0,16.72,9.94,,,,,348.00000000000006
2022-03-07,,0,Long,2022-03-09 09:16:00,2022-03-09 09:16:00,2022-03-09 13:05:00,2022-03-09 13:05:00,,14900.0,15350,16350,16700,2022-03-10 00:00:00,3,Monday,"[3.2, 3.2]","[16.7, 16.7]","[99.6, 205.7]","[9.15, 1.0]",0,,,0,,,Exit,Target hit,SL hit,Exit,-758.55
2022-03-08,28.77,1,Short,09:30:00,09:30:00,09:30:00,09:30:00,15805.0,15050.0,15400,16200,16500,2022-03-10 00:00:00,2,Tuesday,25.8,73.95,64.0,21.75,0,147.9,128.0,0,14.79,12.8,,,,,361.6
2022-03-08,,0,Long,2022-03-09 09:17:00,2022-03-09 09:17:00,2022-03-09 12:20:00,2022-03-09 12:20:00,,15050.0,15400,16200,16500,2022-03-10 00:00:00,2,Tuesday,"[3.9, 3.9]","[13.75, 13.75]","[130.8, 357.8]","[22.4, 63.25]",0,,,0,,,Exit,Target hit,SL hit,Exit,-1031.45
2022-03-09,28.38,1,Short,09:30:00,09:30:00,09:30:00,09:30:00,16120.35,15500.0,15800,16400,16600,2022-03-10 00:00:00,1,Wednesday,15.6,50.6,37.4,11.0,0,101.2,74.8,0,10.12,7.48,,,,,245.6
2022-03-09,,0,Long,2022-03-09 14:50:00,2022-03-09 14:50:00,2022-03-09 12:58:00,2022-03-09 12:58:00,,15500.0,15800,16400,16600,2022-03-10 00:00:00,1,Wednesday,"[4.75, 4.75]","[9.3, 9.3]","[75.0, 155.65]","[20.8, 6.3]",0,,,0,,,Exit,Target hit,SL hit,Exit,-520.4499999999999
2022-03-10,24.7,1,Short,09:30:00,09:30:00,09:30:00,09:30:00,16643.4,16500.0,16650,16650,16800,2022-03-10 00:00:00,0,Thursday,26.15,78.3,69.55,21.05,0,156.6,139.1,0,15.66,13.91,,,,,402.6
2022-03-10,,0,Long,2022-03-10 14:03:00,2022-03-10 14:03:00,2022-03-10 13:50:00,2022-03-10 13:50:00,,16500.0,16650,16650,16800,2022-03-10 00:00:00,0,Thursday,"[51.65, 7.4]","[164.2, 96.05]","[12.65, 12.65]","[1.85, 1.85]",0,,,0,,,Exit,SL hit,Target hit,Exit,-421.69999999999993
2022-03-11,25.59,1,Short,09:30:00,09:30:00,09:30:00,09:30:00,16619.8,15400.0,15950,17250,17500,2022-03-17 00:00:00,6,Friday,19.95,62.45,30.55,10.3,0,124.9,61.1,0,12.490000000000002,6.11,,,,,251.0
2022-03-11,,0,Long,2022-03-15 10:39:00,2022-03-15 10:39:00,2022-03-17 10:06:00,2022-03-17 10:06:00,,15400.0,15950,17250,17500,2022-03-17 00:00:00,6,Friday,"[2.95, 2.95]","[12.3, 12.3]","[62.9, 68.1]","[1.95, 0.2]",0,,,0,,,Exit,Target hit,SL hit,Exit,-302.04999999999995
2022-03-14,25.89,1,Short,09:30:00,09:30:00,09:30:00,09:30:00,16656.7,15750.0,16200,17100,17350,2022-03-17 00:00:00,3,Monday,24.15,75.35,46.4,13.95,0,150.7,92.8,0,15.07,9.28,,,,,334.6
2022-03-14,,0,Long,2022-03-16 09:16:00,2022-03-16 09:16:00,2022-03-14 14:27:00,2022-03-14 14:27:00,,15750.0,16200,17100,17350,2022-03-17 00:00:00,3,Monday,"[2.7, 2.7]","[9.45, 9.45]","[92.95, 214.65]","[32.1, 7.1]",0,,,0,,,Exit,Target hit,SL hit,Exit,-710.5000000000001
2022-03-15,25.81,1,Short,09:30:00,09:30:00,09:30:00,09:30:00,16903.6,16100.0,16500,17300,17500,2022-03-17 00:00:00,2,Tuesday,23.45,69.5,39.75,13.5,0,139.0,79.5,0,13.9,7.95,,,,,289.2
2022-03-15,,0,Long,2022-03-15 14:16:00,2022-03-15 14:16:00,2022-03-15 14:37:00,2022-03-15 14:37:00,,16100.0,16500,17300,17500,2022-03-17 00:00:00,2,Tuesday,"[46.7, 0.15]","[140.0, 0.1]","[7.9, 7.9]","[3.8, 3.8]",0,,,0,,,Exit,SL hit,Target hit,Exit,-109.55
2022-03-16,25.08,1,Short,09:30:00,09:30:00,09:30:00,09:30:00,16930.15,16400.0,16700,17200,17350,2022-03-17 00:00:00,1,Wednesday,15.35,49.35,31.75,11.4,0,98.7,63.5,0,9.87,6.3500000000000005,,,,,217.4
2022-03-16,,0,Long,2022-03-17 09:16:00,2022-03-17 09:16:00,2022-03-17 09:16:00,2022-03-17 09:16:00,,16400.0,16700,17200,17350,2022-03-17 00:00:00,1,Wednesday,"[1.25, 1.25]","[2.45, 2.45]","[73.3, 115.45]","[19.25, 7.1]",0,,,0,,,Exit,Target hit,SL hit,Exit,-383.9
2022-03-17,22.54,1,Short,09:30:00,09:30:00,09:30:00,09:30:00,17184.9,17050.0,17200,17200,17300,2022-03-17 00:00:00,0,Thursday,25.75,76.45,60.75,23.5,0,152.9,121.5,0,15.29,12.15,,,,,351.79999999999995
2022-03-17,,0,Long,2022-03-17 12:38:00,2022-03-17 12:38:00,2022-03-17 11:55:00,2022-03-17 11:55:00,,17050.0,17200,17200,17300,2022-03-17 00:00:00,0,Thursday,"[3.5, 3.5]","[14.2, 14.2]","[123.55, 115.45]","[53.8, 29.2]",0,,,0,,,Exit,Target hit,SL hit,Exit,-371.30000000000007
2022-03-21,23.52,1,Short,09:30:00,09:30:00,09:30:00,09:30:00,17332.65,16450.0,16900,17800,18000,2022-03-24 00:00:00,3,Monday,17.25,55.35,28.6,9.7,0,110.7,57.2,0,11.07,5.720000000000001,,,,,228.0
2022-03-21,,0,Long,2022-03-22 10:39:00,2022-03-22 10:39:00,2022-03-22 09:53:00,2022-03-22 09:53:00,,16450.0,16900,17800,18000,2022-03-24 00:00:00,3,Monday,"[21.95, 0.15]","[111.85, 0.25]","[5.7, 5.7]","[2.85, 2.85]",0,,,0,,,Exit,SL hit,Target hit,Exit,-101.6
2022-03-22,24.9,1,Short,09:30:00,09:30:00,09:30:00,09:30:00,17066.7,16350.0,16650,17450,17700,2022-03-24 00:00:00,2,Tuesday,13.25,43.15,39.85,11.45,0,86.3,79.7,0,8.63,7.970000000000001,,,,,233.2
2022-03-22,,0,Long,2022-03-22 15:17:00,2022-03-22 15:17:00,2022-03-22 13:17:00,2022-03-22 13:17:00,,16350.0,16650,17450,17700,2022-03-24 00:00:00,2,Tuesday,"[3.2, 3.2]","[8.6, 8.6]","[81.3, 0.25]","[25.55, 0.1]",0,,,0,,,Exit,Target hit,SL hit,Exit,-77.79999999999998
2022-03-23,23.61,1,Short,09:30:00,09:30:00,09:30:00,09:30:00,17378.85,16900.0,17150,17650,17800,2022-03-24 00:00:00,1,Wednesday,11.4,35.6,18.45,5.15,0,71.2,36.9,0,7.120000000000001,3.69,,,,,150.0
2022-03-23,,0,Long,2022-03-23 12:33:00,2022-03-23 12:33:00,2022-03-23 15:26:00,2022-03-23 15:26:00,,16900.0,17150,17650,17800,2022-03-24 00:00:00,1,Wednesday,"[24.5, 0.25]","[75.5, 1.05]","[3.45, 3.45]","[1.65, 1.65]",0,,,0,,,Exit,SL hit,Target hit,Exit,-60.6
2022-03-24,24.72,1,Short,09:30:00,09:30:00,09:30:00,09:30:00,17200.35,17050.0,17200,17200,17300,2022-03-24 00:00:00,0,Thursday,21.2,65.2,66.8,24.9,0,130.4,133.6,0,13.04,13.36,,,,,343.6
2022-03-24,,0,Long,2022-03-24 14:27:00,2022-03-24 14:27:00,2022-03-24 15:00:00,2022-03-24 15:00:00,,17050.0,17200,17200,17300,2022-03-24 00:00:00,0,Thursday,"[1.2, 1.2]","[12.5, 12.5]","[34.8, 34.8]","[1.1, 1.1]",0,,,0,,,Exit,Target hit,Universal exit,Exit,-180.0
2022-03-25,24.02,1,Short,09:30:00,09:30:00,09:30:00,09:30:00,17192.05,16150.0,16550,17850,18100,2022-03-31 00:00:00,6,Friday,10.3,32.45,17.6,6.05,0,64.9,35.2,0,6.490000000000001,3.5200000000000005,,,,,134.8
2022-03-25,,0,Long,2022-03-29 09:15:00,2022-03-29 09:15:00,2022-03-29 13:15:00,2022-03-29 13:15:00,,16150.0,16550,17850,18100,2022-03-31 00:00:00,6,Friday,"[2.4, 2.4]","[5.05, 5.05]","[3.35, 3.35]","[1.45, 1.45]",0,,,0,,,Exit,Target hit,Target hit,Exit,-18.2
2022-03-28,24.08,1,Short,09:30:00,09:30:00,09:30:00,09:30:00,17082.65,16350.0,16650,17550,17800,2022-03-31 00:00:00,3,Monday,10.0,33.6,25.85,7.7,0,67.2,51.7,0,6.720000000000001,5.170000000000001,,,,,167.0
2022-03-28,,0,Long,2022-03-29 09:16:00,2022-03-29 09:16:00,2022-03-30 09:15:00,2022-03-30 09:15:00,,16350.0,16650,17550,17800,2022-03-31 00:00:00,3,Monday,"[2.4, 2.4]","[6.35, 6.35]","[56.7, 0.4]","[7.55, 0.15]",0,,,0,,,Exit,Target hit,SL hit,Exit,-65.69999999999999
2022-03-29,22.19,1,Short,09:30:00,09:30:00,09:30:00,09:30:00,17286.65,16650.0,16950,17650,17850,2022-03-31 00:00:00,2,Tuesday,7.0,20.55,14.75,4.2,0,41.1,29.5,0,4.11,2.95,,,,,96.4
2022-03-29,,0,Long,2022-03-30 13:53:00,2022-03-30 13:53:00,2022-03-31 11:30:00,2022-03-31 11:30:00,,16650.0,16950,17650,17850,2022-03-31 00:00:00,2,Tuesday,"[1.7, 1.7]","[4.1, 4.1]","[2.95, 2.95]","[0.55, 0.55]",0,,,0,,,Exit,Target hit,Target hit,Exit,-19.2
2022-03-30,20.9,1,Short,09:30:00,09:30:00,09:30:00,09:30:00,17416.8,16850.0,17150,17650,17750,2022-03-31 00:00:00,1,Wednesday,4.4,12.75,14.8,5.7,0,25.5,29.6,0,2.5500000000000003,2.9600000000000004,,,,,69.8
2022-03-30,,0,Long,2022-03-31 09:16:00,2022-03-31 09:16:00,2022-03-31 11:30:00,2022-03-31 11:30:00,,16850.0,17150,17650,17750,2022-03-31 00:00:00,1,Wednesday,"[1.0, 1.0]","[1.85, 1.85]","[2.95, 2.95]","[1.0, 1.0]",0,,,0,,,Exit,Target hit,Target hit,Exit,-11.200000000000005
2022-03-31,20.6,1,Short,09:30:00,09:30:00,09:30:00,09:30:00,17492.1,17400.0,17500,17500,17600,2022-03-31 00:00:00,0,Thursday,17.75,46.75,46.65,10.6,0,93.5,93.3,0,9.35,9.33,,,,,260.20000000000005
2022-03-31,,0,Long,2022-03-31 15:00:00,2022-03-31 15:00:00,2022-03-31 14:33:00,2022-03-31 14:33:00,,17400.0,17500,17500,17600,2022-03-31 00:00:00,0,Thursday,"[2.4, 2.4]","[47.75, 47.75]","[7.55, 7.55]","[0.65, 0.65]",0,,,0,,,Exit,Universal exit,Target hit,Exit,-209.0
2022-04-01,20.45,1,Short,09:30:00,09:30:00,09:30:00,09:30:00,17466.6,16550.0,16900,18000,18200,2022-04-07 00:00:00,6,Friday,8.5,25.4,13.1,3.95,0,50.8,26.2,0,5.08,2.62,,,,,104.2
2022-04-01,,0,Long,2022-04-04 10:54:00,2022-04-04 10:54:00,2022-04-01 15:18:00,2022-04-01 15:18:00,,16550.0,16900,18000,18200,2022-04-07 00:00:00,6,Friday,"[2.25, 2.25]","[5.0, 5.0]","[27.35, 0.15]","[5.9, 0.15]",0,,,0,,,Exit,Target hit,SL hit,Exit,-32.45
2022-04-04,18.63,1,Short,09:30:00,09:30:00,09:30:00,09:30:00,17902.55,17150.0,17550,18250,18450,2022-04-07 00:00:00,3,Monday,11.25,35.5,15.7,4.6,0,71.0,31.4,0,7.1000000000000005,3.14,,,,,141.4
2022-04-04,,0,Long,2022-04-05 13:06:00,2022-04-05 13:06:00,2022-04-04 10:04:00,2022-04-04 10:04:00,,17150.0,17550,18250,18450,2022-04-07 00:00:00,3,Monday,"[2.9, 2.9]","[6.65, 6.65]","[33.8, 0.1]","[11.05, 0.15]",0,,,0,,,Exit,Target hit,SL hit,Exit,-37.6
2022-04-05,18.22,1,Short,09:30:00,09:30:00,09:30:00,09:30:00,18065.2,17350.0,17750,18350,18550,2022-04-07 00:00:00,2,Tuesday,6.65,21.25,22.0,7.0,0,42.5,44.0,0,4.25,4.4,,,,,118.4
2022-04-05,,0,Long,2022-04-06 09:15:00,2022-04-06 09:15:00,2022-04-06 09:16:00,2022-04-06 09:16:00,,17350.0,17750,18350,18550,2022-04-07 00:00:00,2,Tuesday,"[3.85, 0.05]","[59.5, 94.1]","[3.5, 3.5]","[1.75, 1.75]",0,,,0,,,Exit,SL hit,Target hit,Exit,-344.79999999999995
2022-04-06,18.95,1,Short,09:30:00,09:30:00,09:30:00,09:30:00,17853.75,17400.0,17650,18050,18200,2022-04-07 00:00:00,1,Wednesday,5.95,19.0,21.1,7.7,0,38.0,42.2,0,3.8,4.220000000000001,,,,,105.8
2022-04-06,,0,Long,2022-04-07 12:02:00,2022-04-07 12:02:00,2022-04-07 09:15:00,2022-04-07 09:15:00,,17400.0,17650,18050,18200,2022-04-07 00:00:00,1,Wednesday,"[0.5, 0.5]","[3.6, 3.6]","[4.0, 4.0]","[1.45, 1.45]",0,,,0,,,Exit,Target hit,Target hit,Exit,-22.6
2022-04-07,19.28,1,Short,09:30:00,09:30:00,09:30:00,09:30:00,17703.75,17600.0,17700,17700,17800,2022-04-07 00:00:00,0,Thursday,9.6,38.7,47.85,13.45,0,77.4,95.7,0,7.740000000000001,9.57,,,,,254.00000000000009
2022-04-07,,0,Long,2022-04-07 12:30:00,2022-04-07 12:30:00,2022-04-07 14:12:00,2022-04-07 14:12:00,,17600.0,17700,17700,17800,2022-04-07 00:00:00,0,Thursday,"[2.0, 2.0]","[7.4, 7.4]","[8.35, 8.35]","[1.1, 1.1]",0,,,0,,,Exit,Target hit,Target hit,Exit,-50.6
2022-04-08,19.07,1,Short,09:30:00,09:30:00,09:30:00,09:30:00,17648.3,16900.0,17200,18100,18350,2022-04-13 00:00:00,5,Friday,8.55,28.2,23.6,7.85,0,56.4,47.2,0,5.640000000000001,4.720000000000001,,,,,141.6
2022-04-08,,0,Long,2022-04-11 10:25:00,2022-04-11 10:25:00,2022-04-08 14:05:00,2022-04-08 14:05:00,,16900.0,17200,18100,18350,2022-04-13 00:00:00,5,Friday,"[2.05, 2.05]","[5.6, 5.6]","[47.35, 0.15]","[13.2, 0.05]",0,,,0,,,Exit,Target hit,SL hit,Exit,-48.650000000000006
2022-04-11,18.99,1,Short,09:30:00,09:30:00,09:30:00,09:30:00,17682.5,17200.0,17400,18000,18200,2022-04-13 00:00:00,2,Monday,8.65,27.4,21.3,7.1,0,54.8,42.6,0,5.48,4.260000000000001,,,,,131.8
2022-04-11,,0,Long,2022-04-13 09:16:00,2022-04-13 09:16:00,2022-04-12 09:16:00,2022-04-12 09:16:00,,17200.0,17400,18000,18200,2022-04-13 00:00:00,2,Monday,"[0.85, 0.85]","[2.8, 2.8]","[4.25, 4.25]","[2.0, 2.0]",0,,,0,,,Exit,Target hit,Target hit,Exit,-16.8
2022-04-12,18.26,1,Short,09:30:00,09:30:00,09:30:00,09:30:00,17581.45,17250.0,17400,17800,17950,2022-04-13 00:00:00,1,Tuesday,6.55,22.6,13.8,4.85,0,45.2,27.6,0,4.5200000000000005,2.76,,,,,100.00000000000004
2022-04-12,,0,Long,2022-04-12 10:26:00,2022-04-12 10:26:00,2022-04-13 09:16:00,2022-04-13 09:16:00,,17250.0,17400,17800,17950,2022-04-13 00:00:00,1,Tuesday,"[14.5, 0.1]","[47.6, 0.2]","[1.7, 1.7]","[1.2, 1.2]",0,,,0,,,Exit,SL hit,Target hit,Exit,-35.4
2022-04-13,17.32,1,Short,09:30:00,09:30:00,09:30:00,09:30:00,17649.0,17550.0,17650,17650,17700,2022-04-13 00:00:00,0,Wednesday,11.6,40.6,38.65,18.25,0,81.2,77.3,0,8.120000000000001,7.73,,,,,197.6
2022-04-13,,0,Long,2022-04-13 10:04:00,2022-04-13 10:04:00,2022-04-13 11:45:00,2022-04-13 11:45:00,,17550.0,17650,17650,17700,2022-04-13 00:00:00,0,Wednesday,"[30.65, 60.45]","[87.8, 160.2]","[7.45, 7.45]","[4.15, 4.15]",0,,,0,,,Exit,SL hit,Target hit,Exit,-369.5999999999999
2022-04-18,20.03,1,Short,09:30:00,09:30:00,09:30:00,09:30:00,17226.35,16600.0,16900,17600,17850,2022-04-21 00:00:00,3,Monday,13.0,38.45,23.7,7.2,0,76.9,47.4,0,7.690000000000001,4.74,,,,,167.8
2022-04-18,,0,Long,2022-04-19 15:08:00,2022-04-19 15:08:00,2022-04-19 14:32:00,2022-04-19 14:32:00,,16600.0,16900,17600,17850,2022-04-21 00:00:00,3,Monday,"[17.55, 0.1]","[81.0, 0.25]","[4.7, 4.7]","[2.0, 2.0]",0,,,0,,,Exit,SL hit,Target hit,Exit,-74.69999999999999
2022-04-19,18.92,1,Short,09:30:00,09:30:00,09:30:00,09:30:00,17202.6,16700.0,16900,17500,17650,2022-04-21 00:00:00,2,Tuesday,6.0,19.45,19.1,7.05,0,38.9,38.2,0,3.89,3.82,,,,,102.0
2022-04-19,,0,Long,2022-04-19 15:04:00,2022-04-19 15:04:00,2022-04-20 10:01:00,2022-04-20 10:01:00,,16700.0,16900,17500,17650,2022-04-21 00:00:00,2,Tuesday,"[12.0, 0.1]","[39.35, 0.25]","[3.8, 3.8]","[2.15, 2.15]",0,,,0,,,Exit,SL hit,Target hit,Exit,-34.39999999999999
2022-04-20,19.44,1,Short,09:30:00,09:30:00,09:30:00,09:30:00,17089.5,16700.0,16900,17300,17500,2022-04-21 00:00:00,1,Wednesday,8.9,26.65,19.5,5.65,0,53.3,39.0,0,5.33,3.9,,,,,126.4
2022-04-20,,0,Long,2022-04-21 09:16:00,2022-04-21 09:16:00,2022-04-21 11:06:00,2022-04-21 11:06:00,,16700.0,16900,17300,17500,2022-04-21 00:00:00,1,Wednesday,"[0.85, 0.85]","[2.2, 2.2]","[45.0, 98.7]","[1.45, 0.3]",0,,,0,,,Exit,Target hit,SL hit,Exit,-344.15000000000003
2022-04-21,18.03,1,Short,09:30:00,09:30:00,09:30:00,09:30:00,17227.9,17150.0,17250,17250,17300,2022-04-21 00:00:00,0,Thursday,16.2,51.55,30.45,13.6,0,103.1,60.9,0,10.31,6.09,,,,,208.8
2022-04-21,,0,Long,2022-04-21 11:58:00,2022-04-21 11:58:00,2022-04-21 11:02:00,2022-04-21 11:02:00,,17150.0,17250,17250,17300,2022-04-21 00:00:00,0,Thursday,"[3.6, 3.6]","[9.75, 9.75]","[61.6, 148.55]","[30.85, 98.7]",0,,,0,,,Exit,Target hit,SL hit,Exit,-204.89999999999992
2022-04-22,18.42,1,Short,09:30:00,09:30:00,09:30:00,09:30:00,17247.0,16350.0,16750,17750,18050,2022-04-28 00:00:00,6,Friday,10.35,30.75,11.6,3.6,0,61.5,23.2,0,6.15,2.32,,,,,113.6
2022-04-22,,0,Long,2022-04-25 09:16:00,2022-04-25 09:16:00,2022-04-26 10:44:00,2022-04-26 10:44:00,,16350.0,16750,17750,18050,2022-04-28 00:00:00,6,Friday,"[18.25, 0.1]","[75.7, 0.2]","[2.3, 2.3]","[0.05, 0.05]",0,,,0,,,Exit,SL hit,Target hit,Exit,-66.75
2022-04-25,19.92,1,Short,09:30:00,09:30:00,09:30:00,09:30:00,16989.15,16350.0,16650,17350,17550,2022-04-28 00:00:00,3,Monday,14.15,45.5,24.85,8.7,0,91.0,49.7,0,9.1,4.970000000000001,,,,,190.0
2022-04-25,,0,Long,2022-04-26 09:32:00,2022-04-26 09:32:00,2022-04-27 14:06:00,2022-04-27 14:06:00,,16350.0,16650,17350,17550,2022-04-28 00:00:00,3,Monday,"[2.75, 2.75]","[9.1, 9.1]","[4.95, 4.95]","[1.75, 1.75]",0,,,0,,,Exit,Target hit,Target hit,Exit,-38.2
2022-04-26,19.78,1,Short,09:30:00,09:30:00,09:30:00,09:30:00,17157.45,16600.0,16850,17450,17600,2022-04-28 00:00:00,2,Tuesday,7.5,25.0,19.65,7.35,0,50.0,39.3,0,5.0,3.93,,,,,119.2
2022-04-26,,0,Long,2022-04-27 13:02:00,2022-04-27 13:02:00,2022-04-27 11:29:00,2022-04-27 11:29:00,,16600.0,16850,17450,17600,2022-04-28 00:00:00,2,Tuesday,"[10.5, 0.2]","[51.55, 0.3]","[3.9, 3.9]","[2.15, 2.15]",0,,,0,,,Exit,SL hit,Target hit,Exit,-48.35
2022-04-27,20.39,1,Short,09:30:00,09:30:00,09:30:00,09:30:00,17088.6,16700.0,16900,17300,17450,2022-04-28 00:00:00,1,Wednesday,11.45,35.2,21.0,5.7,0,70.4,42.0,0,7.040000000000001,4.2,,,,,156.20000000000002
2022-04-27,,0,Long,2022-04-28 09:16:00,2022-04-28 09:16:00,2022-04-28 09:23:00,2022-04-28 09:23:00,,16700.0,16900,17300,17450,2022-04-28 00:00:00,1,Wednesday,"[1.5, 1.5]","[4.35, 4.35]","[4.05, 4.05]","[1.1, 1.1]",0,,,0,,,Exit,Target hit,Target hit,Exit,-23.2
2022-04-28,20.17,1,Short,09:30:00,09:30:00,09:30:00,09:30:00,17126.55,17050.0,17150,17150,17250,2022-04-28 00:00:00,0,Thursday,22.6,63.9,36.25,9.35,0,127.8,72.5,0,12.78,7.25,,,,,272.8
2022-04-28,,0,Long,2022-04-28 12:51:00,2022-04-28 12:51:00,2022-04-28 12:59:00,2022-04-28 12:59:00,,17050.0,17150,17150,17250,2022-04-28 00:00:00,0,Thursday,"[3.15, 3.15]","[11.95, 11.95]","[74.8, 144.4]","[13.95, 45.8]",0,,,0,,,Exit,Target hit,SL hit,Exit,-391.85000000000014
2022-04-29,18.72,1,Short,09:30:00,09:30:00,09:30:00,09:30:00,17322.25,16450.0,16800,17800,18000,2022-05-05 00:00:00,6,Friday,8.15,23.15,14.5,4.7,0,46.3,29.0,0,4.63,2.9000000000000004,,,,,99.2
2022-04-29,,0,Long,2022-04-29 15:09:00,2022-04-29 15:09:00,2022-05-02 09:50:00,2022-05-02 09:50:00,,16450.0,16800,17800,18000,2022-05-05 00:00:00,6,Friday,"[15.05, 0.15]","[48.3, 75.75]","[2.9, 2.9]","[1.85, 1.85]",0,,,0,,,Exit,SL hit,Target hit,Exit,-264.25
2022-05-02,20.97,1,Short,09:30:00,09:30:00,09:30:00,09:30:00,16945.0,16250.0,16550,17350,17550,2022-05-05 00:00:00,3,Monday,11.85,34.4,23.0,8.2,0,68.8,46.0,0,6.88,4.6000000000000005,,,,,149.4
2022-05-02,,0,Long,2022-05-04 09:16:00,2022-05-04 09:16:00,2022-05-04 15:16:00,2022-05-04 15:16:00,,16250.0,16550,17350,17550,2022-05-05 00:00:00,3,Monday,"[2.05, 2.05]","[4.85, 4.85]","[4.35, 4.35]","[3.15, 3.15]",0,,,0,,,Exit,Target hit,Target hit,Exit,-16.0
2022-05-04,20.55,1,Short,09:30:00,09:30:00,09:30:00,09:30:00,17066.0,16650.0,16850,17250,17400,2022-05-05 00:00:00,1,Wednesday,9.4,31.75,36.45,12.7,0,63.5,72.9,0,6.3500000000000005,7.290000000000001,,,,,184.4
2022-05-04,,0,Long,2022-05-04 10:31:00,2022-05-04 10:31:00,2022-05-04 14:42:00,2022-05-04 14:42:00,,16650.0,16850,17250,17400,2022-05-05 00:00:00,1,Wednesday,"[22.45, 1.25]","[64.35, 125.45]","[7.2, 7.2]","[4.75, 4.75]",0,,,0,,,Exit,SL hit,Target hit,Exit,-424.3
2022-05-05,20.25,1,Short,09:30:00,09:30:00,09:30:00,09:30:00,16825.5,16700.0,16850,16850,16950,2022-05-05 00:00:00,0,Thursday,21.6,77.4,47.5,16.95,0,154.8,95.0,0,15.480000000000002,9.5,,,,,345.40000000000003
2022-05-05,,0,Long,2022-05-05 14:10:00,2022-05-05 14:10:00,2022-05-05 10:10:00,2022-05-05 10:10:00,,16700.0,16850,16850,16950,2022-05-05 00:00:00,0,Thursday,"[33.0, 6.0]","[156.55, 125.45]","[96.75, 0.4]","[39.0, 0.25]",0,,,0,,,Exit,SL hit,SL hit,Exit,-540.1
2022-05-06,21.01,1,Short,09:30:00,09:30:00,09:30:00,09:30:00,16438.0,15550.0,15900,17000,17300,2022-05-12 00:00:00,6,Friday,15.65,44.95,19.1,5.85,0,89.9,38.2,0,8.99,3.82,,,,,170.20000000000005
2022-05-06,,0,Long,2022-05-12 09:40:00,2022-05-12 09:40:00,2022-05-10 09:15:00,2022-05-10 09:15:00,,15550.0,15900,17000,17300,2022-05-12 00:00:00,6,Friday,"[3.35, 0.2]","[93.2, 82.0]","[3.55, 3.55]","[2.0, 2.0]",0,,,0,,,Exit,SL hit,Target hit,Exit,-341.45
2022-05-09,22.18,1,Short,09:30:00,09:30:00,09:30:00,09:30:00,16156.3,15450.0,15750,16550,16800,2022-05-12 00:00:00,3,Monday,14.9,44.95,34.55,10.6,0,89.9,69.1,0,8.99,6.91,,,,,216.0
2022-05-09,,0,Long,2022-05-10 14:10:00,2022-05-10 14:10:00,2022-05-09 12:32:00,2022-05-09 12:32:00,,15450.0,15750,16550,16800,2022-05-12 00:00:00,3,Monday,"[3.2, 3.2]","[7.5, 7.5]","[70.2, 0.15]","[19.85, 0.1]",0,,,0,,,Exit,Target hit,SL hit,Exit,-67.7
2022-05-10,22.0,1,Short,09:30:00,09:30:00,09:30:00,09:30:00,16315.1,15750.0,16000,16600,16800,2022-05-12 00:00:00,2,Tuesday,13.4,40.75,34.95,10.65,0,81.5,69.9,0,8.15,6.990000000000001,,,,,206.6
2022-05-10,,0,Long,2022-05-11 12:49:00,2022-05-11 12:49:00,2022-05-11 10:28:00,2022-05-11 10:28:00,,15750.0,16000,16600,16800,2022-05-12 00:00:00,2,Tuesday,"[19.9, 2.15]","[83.15, 184.25]","[6.55, 6.55]","[3.1, 3.1]",0,,,0,,,Exit,SL hit,Target hit,Exit,-623.35
2022-05-11,21.93,1,Short,09:30:00,09:30:00,09:30:00,09:30:00,16307.2,15900.0,16100,16500,16650,2022-05-12 00:00:00,1,Wednesday,11.0,36.7,28.1,7.7,0,73.4,56.2,0,7.340000000000001,5.620000000000001,,,,,184.40000000000003
2022-05-11,,0,Long,2022-05-11 09:54:00,2022-05-11 09:54:00,2022-05-11 15:02:00,2022-05-11 15:02:00,,15900.0,16100,16500,16650,2022-05-12 00:00:00,1,Wednesday,"[25.65, 82.0]","[74.35, 284.2]","[5.35, 5.35]","[2.2, 2.2]",0,,,0,,,Exit,SL hit,Target hit,Exit,-667.8999999999999
2022-05-12,24.02,1,Short,09:30:00,09:30:00,09:30:00,09:30:00,15909.75,15750.0,15900,15900,16050,2022-05-12 00:00:00,0,Thursday,17.25,65.15,78.9,23.55,0,130.3,157.8,0,13.03,15.78,,,,,413.00000000000006
2022-05-12,,0,Long,2022-05-12 14:18:00,2022-05-12 14:18:00,2022-05-12 13:51:00,2022-05-12 13:51:00,,15750.0,15900,15900,16050,2022-05-12 00:00:00,0,Thursday,"[23.3, 2.15]","[137.8, 82.0]","[10.4, 10.4]","[1.25, 1.25]",0,,,0,,,Exit,SL hit,Target hit,Exit,-390.65
2022-05-13,22.82,1,Short,09:30:00,09:30:00,09:30:00,09:30:00,16015.55,15100.0,15450,16550,16800,2022-05-19 00:00:00,6,Friday,12.6,36.9,25.55,8.0,0,73.8,51.1,0,7.38,5.11,,,,,167.4
2022-05-13,,0,Long,2022-05-13 15:12:00,2022-05-13 15:12:00,2022-05-16 12:05:00,2022-05-16 12:05:00,,15100.0,15450,16550,16800,2022-05-19 00:00:00,6,Friday,"[24.35, 0.05]","[73.8, 0.05]","[4.85, 4.85]","[2.45, 2.45]",0,,,0,,,Exit,SL hit,Target hit,Exit,-59.04999999999999
2022-05-16,24.08,1,Short,09:30:00,09:30:00,09:30:00,09:30:00,15888.8,15150.0,15500,16300,16500,2022-05-19 00:00:00,3,Monday,16.9,52.0,29.45,10.25,0,104.0,58.9,0,10.4,5.890000000000001,,,,,217.2
2022-05-16,,0,Long,2022-05-17 14:20:00,2022-05-17 14:20:00,2022-05-17 12:49:00,2022-05-17 12:49:00,,15150.0,15500,16300,16500,2022-05-19 00:00:00,3,Monday,"[3.9, 3.9]","[10.2, 10.2]","[59.2, 0.15]","[13.65, 0.1]",0,,,0,,,Exit,Target hit,SL hit,Exit,-70.9
2022-05-17,23.54,1,Short,09:30:00,09:30:00,09:30:00,09:30:00,15965.15,15300.0,15600,16300,16450,2022-05-19 00:00:00,2,Tuesday,11.4,37.05,20.45,6.55,0,74.1,40.9,0,7.41,4.09,,,,,158.2
2022-05-17,,0,Long,2022-05-18 09:15:00,2022-05-18 09:15:00,2022-05-17 10:46:00,2022-05-17 10:46:00,,15300.0,15600,16300,16450,2022-05-19 00:00:00,2,Tuesday,"[3.0, 3.0]","[6.95, 6.95]","[42.3, 0.15]","[15.15, 0.15]",0,,,0,,,Exit,Target hit,SL hit,Exit,-42.95000000000001
2022-05-18,22.38,1,Short,09:30:00,09:30:00,09:30:00,09:30:00,16368.0,15850.0,16100,16600,16700,2022-05-19 00:00:00,1,Wednesday,9.75,29.6,16.45,6.4,0,59.2,32.9,0,5.920000000000001,3.29,,,,,119.6
2022-05-18,,0,Long,2022-05-18 12:36:00,2022-05-18 12:36:00,2022-05-18 14:49:00,2022-05-18 14:49:00,,15850.0,16100,16600,16700,2022-05-19 00:00:00,1,Wednesday,"[19.05, 52.0]","[60.6, 300.6]","[3.25, 3.25]","[2.25, 2.25]",0,,,0,,,Exit,SL hit,Target hit,Exit,-791.3500000000001
2022-05-19,23.75,1,Short,09:30:00,09:30:00,09:30:00,09:30:00,15942.65,15800.0,15950,15950,16050,2022-05-19 00:00:00,0,Thursday,28.6,78.35,58.05,19.95,0,156.7,116.1,0,15.67,11.61,,,,,351.3999999999999
2022-05-19,,0,Long,2022-05-19 14:43:00,2022-05-19 14:43:00,2022-05-19 12:33:00,2022-05-19 12:33:00,,15800.0,15950,15950,16050,2022-05-19 00:00:00,0,Thursday,"[27.95, 16.25]","[157.8, 149.8]","[10.75, 10.75]","[2.25, 2.25]",0,,,0,,,Exit,SL hit,Target hit,Exit,-564.5
2022-05-20,23.26,1,Short,09:30:00,09:30:00,09:30:00,09:30:00,16115.5,15150.0,15550,16650,16900,2022-05-26 00:00:00,6,Friday,13.6,42.4,23.3,7.4,0,84.8,46.6,0,8.48,4.66,,,,,178.8
2022-05-20,,0,Long,2022-05-25 09:15:00,2022-05-25 09:15:00,2022-05-23 09:16:00,2022-05-23 09:16:00,,15150.0,15550,16650,16900,2022-05-26 00:00:00,6,Friday,"[1.5, 1.5]","[7.8, 7.8]","[50.8, 0.2]","[13.45, 0.15]",0,,,0,,,Exit,Target hit,SL hit,Exit,-62.7
2022-05-23,23.77,1,Short,09:30:00,09:30:00,09:30:00,09:30:00,16273.85,15500.0,15850,16650,16850,2022-05-26 00:00:00,3,Monday,18.05,56.35,36.5,12.75,0,112.7,73.0,0,11.27,7.300000000000001,,,,,248.2
2022-05-23,,0,Long,2022-05-26 09:15:00,2022-05-26 09:15:00,2022-05-24 10:00:00,2022-05-24 10:00:00,,15500.0,15850,16650,16850,2022-05-26 00:00:00,3,Monday,"[1.3, 1.3]","[9.0, 9.0]","[7.1, 7.1]","[3.2, 3.2]",0,,,0,,,Exit,Target hit,Target hit,Exit,-46.400000000000006
2022-05-24,25.3,1,Short,09:30:00,09:30:00,09:30:00,09:30:00,16186.4,15550.0,15850,16550,16700,2022-05-26 00:00:00,2,Tuesday,19.4,57.9,20.9,7.65,0,115.8,41.8,0,11.58,4.18,,,,,207.0
2022-05-24,,0,Long,2022-05-26 09:15:00,2022-05-26 09:15:00,2022-05-25 11:25:00,2022-05-25 11:25:00,,15550.0,15850,16550,16700,2022-05-26 00:00:00,2,Tuesday,"[2.55, 2.55]","[9.0, 9.0]","[4.0, 4.0]","[2.15, 2.15]",0,,,0,,,Exit,Target hit,Target hit,Exit,-33.2
2022-05-25,24.73,1,Short,09:30:00,09:30:00,09:30:00,09:30:00,16200.25,15750.0,15950,16450,16600,2022-05-26 00:00:00,1,Wednesday,10.0,29.75,19.75,5.65,0,59.5,39.5,0,5.95,3.95,,,,,135.4
2022-05-25,,0,Long,2022-05-25 11:49:00,2022-05-25 11:49:00,2022-05-25 14:46:00,2022-05-25 14:46:00,,15750.0,15950,16450,16600,2022-05-26 00:00:00,1,Wednesday,"[21.55, 0.2]","[62.0, 0.4]","[3.9, 3.9]","[2.5, 2.5]",0,,,0,,,Exit,SL hit,Target hit,Exit,-46.65
2022-05-26,24.69,1,Short,09:30:00,09:30:00,09:30:00,09:30:00,16082.05,15950.0,16100,16100,16200,2022-05-26 00:00:00,0,Thursday,21.25,73.05,47.85,14.0,0,146.1,95.7,0,14.61,9.57,,,,,342.6
2022-05-26,,0,Long,2022-05-26 10:29:00,2022-05-26 10:29:00,2022-05-26 10:35:00,2022-05-26 10:35:00,,15950.0,16100,16100,16200,2022-05-26 00:00:00,0,Thursday,"[53.85, 0.4]","[149.5, 1.05]","[8.55, 8.55]","[3.3, 3.3]",0,,,0,,,Exit,SL hit,Target hit,Exit,-118.6
2022-05-27,21.95,1,Short,09:30:00,09:30:00,09:30:00,09:30:00,16316.6,15400.0,15750,16850,17050,2022-06-02 00:00:00,6,Friday,11.65,34.6,19.8,6.55,0,69.2,39.6,0,6.920000000000001,3.96,,,,,144.8
2022-05-27,,0,Long,2022-05-30 10:29:00,2022-05-30 10:29:00,2022-05-30 09:32:00,2022-05-30 09:32:00,,15400.0,15750,16850,17050,2022-06-02 00:00:00,6,Friday,"[3.35, 3.35]","[6.9, 6.9]","[40.15, 0.1]","[10.4, 0.1]",0,,,0,,,Exit,Target hit,SL hit,Exit,-43.95
2022-05-30,20.84,1,Short,09:30:00,09:30:00,09:30:00,09:30:00,16592.65,15950.0,16250,16950,17100,2022-06-02 00:00:00,3,Monday,14.3,42.2,20.2,7.0,0,84.4,40.4,0,8.440000000000001,4.04,,,,,164.40000000000003
2022-05-30,,0,Long,2022-06-02 09:15:00,2022-06-02 09:15:00,2022-06-01 13:12:00,2022-06-01 13:12:00,,15950.0,16250,16950,17100,2022-06-02 00:00:00,3,Monday,"[1.55, 1.55]","[6.95, 6.95]","[3.9, 3.9]","[1.9, 1.9]",0,,,0,,,Exit,Target hit,Target hit,Exit,-29.600000000000005
2022-05-31,20.01,1,Short,09:30:00,09:30:00,09:30:00,09:30:00,16543.85,15950.0,16250,16850,17000,2022-06-02 00:00:00,2,Tuesday,11.15,35.6,20.6,6.9,0,71.2,41.2,0,7.120000000000001,4.12,,,,,152.60000000000002
2022-05-31,,0,Long,2022-06-02 09:15:00,2022-06-02 09:15:00,2022-05-31 10:44:00,2022-05-31 10:44:00,,15950.0,16250,16850,17000,2022-06-02 00:00:00,2,Tuesday,"[1.55, 1.55]","[6.95, 6.95]","[41.55, 0.1]","[15.35, 0.1]",0,,,0,,,Exit,Target hit,SL hit,Exit,-47.8
2021-09-01,15.01,1,Short,09:30:00,09:30:00,09:30:00,09:30:00,17187.9,16800.0,17050,17350,17500,2021-09-02 00:00:00,1,Wednesday,9.1,29.9,14.25,4.4,0,59.8,28.5,0,5.98,2.85,,,,,122.6
2021-09-01,,0,Long,2021-09-02 11:01:00,2021-09-02 11:01:00,2021-09-01 09:59:00,2021-09-01 09:59:00,,16800.0,17050,17350,17500,2021-09-02 00:00:00,1,Wednesday,"[2.0, 2.0]","[5.85, 5.85]","[31.6, 0.3]","[13.65, 0.25]",0,,,0,,,Exit,Target hit,SL hit,Exit,-33.5
2021-09-02,13.82,1,Short,09:30:00,09:30:00,09:30:00,09:30:00,17127.75,17050.0,17150,17150,17200,2021-09-02 00:00:00,0,Thursday,13.85,53.55,21.8,9.5,0,107.1,43.6,0,10.71,4.36,,,,,208.0
2021-09-02,,0,Long,2021-09-02 13:14:00,2021-09-02 13:14:00,2021-09-02 13:17:00,2021-09-02 13:17:00,,17050.0,17150,17150,17200,2021-09-02 00:00:00,0,Thursday,"[2.25, 2.25]","[10.35, 10.35]","[43.6, 86.3]","[13.9, 37.0]",0,,,0,,,Exit,Target hit,SL hit,Exit,-210.00000000000003
2021-09-03,14.15,1,Short,09:30:00,09:30:00,09:30:00,09:30:00,17275.1,16600.0,16950,17650,17850,2021-09-09 00:00:00,6,Friday,8.15,24.0,16.65,6.0,0,48.0,33.3,0,4.800000000000001,3.33,,,,,106.0
2021-09-03,,0,Long,2021-09-08 09:15:00,2021-09-08 09:15:00,2021-09-07 15:26:00,2021-09-07 15:26:00,,16600.0,16950,17650,17850,2021-09-09 00:00:00,6,Friday,"[2.3, 2.3]","[3.9, 3.9]","[3.25, 3.25]","[1.75, 1.75]",0,,,0,,,Exit,Target hit,Target hit,Exit,-12.4
2021-09-06,15.14,1,Short,09:30:00,09:30:00,09:30:00,09:30:00,17416.7,16800.0,17100,17700,17900,2021-09-09 00:00:00,3,Monday,7.25,20.55,13.0,3.95,0,41.1,26.0,0,4.11,2.6,,,,,89.39999999999999
2021-09-06,,0,Long,2021-09-08 15:01:00,2021-09-08 15:01:00,2021-09-07 15:18:00,2021-09-07 15:18:00,,16800.0,17100,17700,17900,2021-09-09 00:00:00,3,Monday,"[1.6, 1.6]","[3.95, 3.95]","[2.6, 2.6]","[1.65, 1.65]",0,,,0,,,Exit,Target hit,Target hit,Exit,-13.200000000000005
2021-09-07,15.04,1,Short,09:30:00,09:30:00,09:30:00,09:30:00,17361.4,16850.0,17100,17600,17750,2021-09-09 00:00:00,2,Tuesday,6.1,18.4,12.85,3.8,0,36.8,25.7,0,3.68,2.5700000000000003,,,,,85.4
2021-09-07,,0,Long,2021-09-08 15:06:00,2021-09-08 15:06:00,2021-09-08 14:37:00,2021-09-08 14:37:00,,16850.0,17100,17600,17750,2021-09-09 00:00:00,2,Tuesday,"[1.8, 1.8]","[3.65, 3.65]","[2.55, 2.55]","[1.75, 1.75]",0,,,0,,,Exit,Target hit,Target hit,Exit,-10.599999999999996
2021-09-08,14.91,1,Short,09:30:00,09:30:00,09:30:00,09:30:00,17336.8,17050.0,17200,17500,17600,2021-09-09 00:00:00,1,Wednesday,7.25,21.15,15.0,5.1,0,42.3,30.0,0,4.23,3.0,,,,,95.2
2021-09-08,,0,Long,2021-09-09 10:35:00,2021-09-09 10:35:00,2021-09-09 09:16:00,2021-09-09 09:16:00,,17050.0,17200,17500,17600,2021-09-09 00:00:00,1,Wednesday,"[1.55, 1.55]","[4.1, 4.1]","[2.05, 2.05]","[1.25, 1.25]",0,,,0,,,Exit,Target hit,Target hit,Exit,-13.4
2021-09-09,14.17,1,Short,09:30:00,09:30:00,09:30:00,09:30:00,17338.9,17250.0,17350,17350,17400,2021-09-09 00:00:00,0,Thursday,10.75,43.95,25.65,10.05,0,87.9,51.3,0,8.790000000000001,5.13,,,,,195.2
2021-09-09,,0,Long,2021-09-09 15:00:00,2021-09-09 15:00:00,2021-09-09 14:37:00,2021-09-09 14:37:00,,17250.0,17350,17350,17400,2021-09-09 00:00:00,0,Thursday,"[0.25, 0.25]","[13.7, 13.7]","[4.2, 4.2]","[0.65, 0.65]",0,,,0,,,Exit,Universal exit,Target hit,Exit,-68.0
2021-09-13,14.39,1,Short,09:30:00,09:30:00,09:30:00,09:30:00,17311.45,16850.0,17050,17550,17700,2021-09-16 00:00:00,3,Monday,7.6,22.8,16.7,5.2,0,45.6,33.4,0,4.5600000000000005,3.34,,,,,106.8
2021-09-13,,0,Long,2021-09-14 13:21:00,2021-09-14 13:21:00,2021-09-15 14:20:00,2021-09-15 14:20:00,,16850.0,17050,17550,17700,2021-09-16 00:00:00,3,Monday,"[2.75, 2.75]","[4.55, 4.55]","[33.95, 86.75]","[3.65, 0.45]",0,,,0,,,Exit,Target hit,SL hit,Exit,-296.4
2021-09-14,13.83,1,Short,09:30:00,09:30:00,09:30:00,09:30:00,17418.1,17000.0,17200,17600,17700,2021-09-16 00:00:00,2,Tuesday,4.6,13.55,10.65,3.5,0,27.1,21.3,0,2.7100000000000004,2.1300000000000003,,,,,64.4
2021-09-14,,0,Long,2021-09-16 09:15:00,2021-09-16 09:15:00,2021-09-16 14:17:00,2021-09-16 14:17:00,,17000.0,17200,17600,17700,2021-09-16 00:00:00,2,Tuesday,"[1.2, 1.2]","[1.95, 1.95]","[23.65, 37.2]","[0.9, 0.45]",0,,,0,,,Exit,Target hit,SL hit,Exit,-135.99999999999997
2021-09-15,13.59,1,Short,09:30:00,09:30:00,09:30:00,09:30:00,17415.35,17100.0,17250,17550,17650,2021-09-16 00:00:00,1,Wednesday,4.05,12.6,7.55,2.1,0,25.2,15.1,0,2.52,1.51,,,,,55.99999999999999
2021-09-15,,0,Long,2021-09-16 09:16:00,2021-09-16 09:16:00,2021-09-15 12:34:00,2021-09-15 12:34:00,,17100.0,17250,17550,17650,2021-09-16 00:00:00,1,Wednesday,"[1.5, 1.5]","[2.1, 2.1]","[15.6, 86.75]","[3.2, 4.15]",0,,,0,,,Exit,Target hit,SL hit,Exit,-262.6000000000001
2021-09-16,13.75,1,Short,09:30:00,09:30:00,09:30:00,09:30:00,17559.8,17500.0,17550,17550,17600,2021-09-16 00:00:00,0,Thursday,12.15,27.75,29.85,11.7,0,55.5,59.7,0,5.550000000000001,5.970000000000001,,,,,135.0
2021-09-16,,0,Long,2021-09-16 13:43:00,2021-09-16 13:43:00,2021-09-16 14:16:00,2021-09-16 14:16:00,,17500.0,17550,17550,17600,2021-09-16 00:00:00,0,Thursday,"[1.75, 1.75]","[5.4, 5.4]","[60.95, 86.75]","[20.75, 37.2]",0,,,0,,,Exit,Target hit,SL hit,Exit,-203.44999999999996
2021-09-17,14.98,1,Short,09:30:00,09:30:00,09:30:00,09:30:00,17737.65,16900.0,17350,18150,18350,2021-09-23 00:00:00,6,Friday,6.85,20.05,10.25,3.1,0,40.1,20.5,0,4.010000000000001,2.0500000000000003,,,,,81.4
2021-09-17,,0,Long,2021-09-17 12:16:00,2021-09-17 12:16:00,2021-09-21 15:22:00,2021-09-21 15:22:00,,16900.0,17350,18150,18350,2021-09-23 00:00:00,6,Friday,"[10.1, 0.25]","[41.8, 0.25]","[2.05, 2.05]","[0.35, 0.35]",0,,,0,,,Exit,SL hit,Target hit,Exit,-38.5
2021-09-20,15.74,1,Short,09:30:00,09:30:00,09:30:00,09:30:00,17508.35,16800.0,17200,17800,18050,2021-09-23 00:00:00,3,Monday,7.7,23.15,16.3,5.3,0,46.3,32.6,0,4.63,3.26,,,,,105.8
2021-09-20,,0,Long,2021-09-20 15:08:00,2021-09-20 15:08:00,2021-09-20 10:27:00,2021-09-20 10:27:00,,16800.0,17200,17800,18050,2021-09-23 00:00:00,3,Monday,"[10.45, 0.3]","[47.05, 0.35]","[33.05, 10.9]","[8.8, 0.2]",0,,,0,,,Exit,SL hit,SL hit,Exit,-93.1
2021-09-21,17.44,1,Short,09:30:00,09:30:00,09:30:00,09:30:00,17453.3,16850.0,17200,17700,17950,2021-09-23 00:00:00,2,Tuesday,12.0,34.7,27.2,8.1,0,69.4,54.4,0,6.940000000000001,5.44,,,,,167.20000000000002
2021-09-21,,0,Long,2021-09-22 13:00:00,2021-09-22 13:00:00,2021-09-23 12:09:00,2021-09-23 12:09:00,,16850.0,17200,17700,17950,2021-09-23 00:00:00,2,Tuesday,"[3.4, 3.4]","[6.6, 6.6]","[58.6, 101.35]","[1.05, 0.3]",0,,,0,,,Exit,Target hit,SL hit,Exit,-373.5
2021-09-22,16.68,1,Short,09:30:00,09:30:00,09:30:00,09:30:00,17551.4,17050.0,17350,17750,17950,2021-09-23 00:00:00,1,Wednesday,7.95,23.25,13.9,4.3,0,46.5,27.8,0,4.65,2.78,,,,,99.6
2021-09-22,,0,Long,2021-09-23 09:16:00,2021-09-23 09:16:00,2021-09-23 12:14:00,2021-09-23 12:14:00,,17050.0,17350,17750,17950,2021-09-23 00:00:00,1,Wednesday,"[1.75, 1.75]","[2.6, 2.6]","[29.55, 50.95]","[1.05, 0.3]",0,,,0,,,Exit,Target hit,SL hit,Exit,-183.85000000000005
2021-09-23,15.88,1,Short,09:30:00,09:30:00,09:30:00,09:30:00,17690.3,17600.0,17700,17700,17750,2021-09-23 00:00:00,0,Thursday,13.4,45.85,26.95,10.7,0,91.7,53.9,0,9.17,5.390000000000001,,,,,194.8
2021-09-23,,0,Long,2021-09-23 12:22:00,2021-09-23 12:22:00,2021-09-23 12:09:00,2021-09-23 12:09:00,,17600.0,17700,17700,17750,2021-09-23 00:00:00,0,Thursday,"[3.85, 3.85]","[8.8, 8.8]","[58.6, 101.35]","[24.3, 50.95]",0,,,0,,,Exit,Target hit,SL hit,Exit,-205.29999999999995
2021-09-24,16.89,1,Short,09:30:00,09:30:00,09:30:00,09:30:00,17909.9,16950.0,17450,18350,18550,2021-09-30 00:00:00,6,Friday,7.7,22.55,17.4,6.15,0,45.1,34.8,0,4.510000000000001,3.48,,,,,104.4
2021-09-24,,0,Long,2021-09-30 09:15:00,2021-09-30 09:15:00,2021-09-28 10:24:00,2021-09-28 10:24:00,,16950.0,17450,18350,18550,2021-09-30 00:00:00,6,Friday,"[1.0, 1.0]","[3.8, 3.8]","[3.45, 3.45]","[2.5, 2.5]",0,,,0,,,Exit,Target hit,Target hit,Exit,-15.0
2021-09-27,17.49,1,Short,09:30:00,09:30:00,09:30:00,09:30:00,17908.2,17150.0,17550,18250,18450,2021-09-30 00:00:00,3,Monday,5.55,17.2,17.4,5.25,0,34.4,34.8,0,3.44,3.48,,,,,95.19999999999996
2021-09-27,,0,Long,2021-09-27 11:39:00,2021-09-27 11:39:00,2021-09-29 09:16:00,2021-09-29 09:16:00,,17150.0,17550,18250,18450,2021-09-30 00:00:00,3,Monday,"[7.7, 0.15]","[35.0, 0.7]","[3.35, 3.35]","[2.55, 2.55]",0,,,0,,,Exit,SL hit,Target hit,Exit,-32.150000000000006
2021-09-28,18.25,1,Short,09:30:00,09:30:00,09:30:00,09:30:00,17827.4,17300.0,17550,18150,18350,2021-09-30 00:00:00,2,Tuesday,6.7,21.5,12.2,3.85,0,43.0,24.4,0,4.3,2.44,,,,,92.6
2021-09-28,,0,Long,2021-09-28 12:22:00,2021-09-28 12:22:00,2021-09-30 09:15:00,2021-09-30 09:15:00,,17300.0,17550,18150,18350,2021-09-30 00:00:00,2,Tuesday,"[12.85, 0.15]","[45.1, 0.7]","[1.9, 1.9]","[0.9, 0.9]",0,,,0,,,Exit,SL hit,Target hit,Exit,-37.900000000000006
2021-09-29,19.25,1,Short,09:30:00,09:30:00,09:30:00,09:30:00,17643.55,17250.0,17450,17850,18050,2021-09-30 00:00:00,1,Wednesday,9.75,28.2,24.5,7.85,0,56.4,49.0,0,5.640000000000001,4.9,,,,,140.4
2021-09-29,,0,Long,2021-09-29 14:20:00,2021-09-29 14:20:00,2021-09-30 11:10:00,2021-09-30 11:10:00,,17250.0,17450,17850,18050,2021-09-30 00:00:00,1,Wednesday,"[3.35, 3.35]","[5.45, 5.45]","[4.45, 4.45]","[1.95, 1.95]",0,,,0,,,Exit,Target hit,Target hit,Exit,-18.4
2021-09-30,19.03,1,Short,09:30:00,09:30:00,09:30:00,09:30:00,17663.35,17550.0,17650,17650,17750,2021-09-30 00:00:00,0,Thursday,17.55,50.35,56.7,18.9,0,100.7,113.4,0,10.07,11.340000000000002,,,,,282.40000000000003
2021-09-30,,0,Long,2021-09-30 12:04:00,2021-09-30 12:04:00,2021-09-30 14:27:00,2021-09-30 14:27:00,,17550.0,17650,17650,17750,2021-09-30 00:00:00,0,Thursday,"[2.5, 2.5]","[9.5, 9.5]","[10.55, 10.55]","[1.25, 1.25]",0,,,0,,,Exit,Target hit,Target hit,Exit,-65.2
2021-10-01,18.89,1,Short,09:30:00,09:30:00,09:30:00,09:30:00,17508.05,16700.0,17000,18000,18250,2021-10-07 00:00:00,6,Friday,11.3,32.9,14.0,4.85,0,65.8,28.0,0,6.58,2.8000000000000003,,,,,123.0
2021-10-01,,0,Long,2021-10-04 09:17:00,2021-10-04 09:17:00,2021-10-07 09:20:00,2021-10-07 09:20:00,,16700.0,17000,18000,18250,2021-10-07 00:00:00,6,Friday,"[3.45, 3.45]","[6.5, 6.5]","[2.7, 2.7]","[1.1, 1.1]",0,,,0,,,Exit,Target hit,Target hit,Exit,-18.599999999999994
2021-10-04,17.52,1,Short,09:30:00,09:30:00,09:30:00,09:30:00,17620.05,17000.0,17250,17950,18100,2021-10-07 00:00:00,3,Monday,6.1,19.65,14.0,4.75,0,39.3,28.0,0,3.93,2.8000000000000003,,,,,91.2
2021-10-04,,0,Long,2021-10-06 09:15:00,2021-10-06 09:15:00,2021-10-04 10:00:00,2021-10-04 10:00:00,,17000.0,17250,17950,18100,2021-10-07 00:00:00,3,Monday,"[1.95, 1.95]","[3.8, 3.8]","[28.1, 0.25]","[9.2, 0.15]",0,,,0,,,Exit,Target hit,SL hit,Exit,-26.6
2021-10-05,16.95,1,Short,09:30:00,09:30:00,09:30:00,09:30:00,17682.4,17250.0,17450,17950,18100,2021-10-07 00:00:00,2,Tuesday,9.75,29.25,12.5,3.85,0,58.5,25.0,0,5.8500000000000005,2.5,,,,,112.6
2021-10-05,,0,Long,2021-10-06 09:22:00,2021-10-06 09:22:00,2021-10-05 14:40:00,2021-10-05 14:40:00,,17250.0,17450,17950,18100,2021-10-07 00:00:00,2,Tuesday,"[3.5, 3.5]","[5.55, 5.55]","[25.55, 0.25]","[5.4, 0.15]",0,,,0,,,Exit,Target hit,SL hit,Exit,-28.65
2021-10-06,16.55,1,Short,09:30:00,09:30:00,09:30:00,09:30:00,17869.4,17350.0,17650,18050,18150,2021-10-07 00:00:00,1,Wednesday,4.1,12.9,10.25,3.25,0,25.8,20.5,0,2.58,2.0500000000000003,,,,,63.2
2021-10-06,,0,Long,2021-10-06 10:19:00,2021-10-06 10:19:00,2021-10-07 09:19:00,2021-10-07 09:19:00,,17350.0,17650,18050,18150,2021-10-07 00:00:00,1,Wednesday,"[5.9, 0.15]","[27.05, 0.2]","[2.0, 2.0]","[1.4, 1.4]",0,,,0,,,Exit,SL hit,Target hit,Exit,-23.7
2021-10-07,16.51,1,Short,09:30:00,09:30:00,09:30:00,09:30:00,17810.1,17700.0,17800,17800,17900,2021-10-07 00:00:00,0,Thursday,10.55,35.3,43.0,10.0,0,70.6,86.0,0,7.06,8.6,,,,,231.0
2021-10-07,,0,Long,2021-10-07 13:17:00,2021-10-07 13:17:00,2021-10-07 15:00:00,2021-10-07 15:00:00,,17700.0,17800,17800,17900,2021-10-07 00:00:00,0,Thursday,"[2.05, 2.05]","[6.4, 6.4]","[21.45, 21.45]","[0.45, 0.45]",0,,,0,,,Exit,Target hit,Universal exit,Exit,-101.4
2021-10-08,16.28,1,Short,09:30:00,09:30:00,09:30:00,09:30:00,17877.0,17150.0,17450,18350,18600,2021-10-14 00:00:00,6,Friday,8.0,23.05,7.85,2.8,0,46.1,15.7,0,4.61,1.57,,,,,80.39999999999999
2021-10-08,,0,Long,2021-10-12 14:18:00,2021-10-12 14:18:00,2021-10-14 13:26:00,2021-10-14 13:26:00,,17150.0,17450,18350,18600,2021-10-14 00:00:00,6,Friday,"[2.6, 2.6]","[4.6, 4.6]","[1.55, 1.55]","[0.6, 0.6]",0,,,0,,,Exit,Target hit,Target hit,Exit,-11.8
2021-10-11,16.21,1,Short,09:30:00,09:30:00,09:30:00,09:30:00,17897.3,17400.0,17600,18200,18350,2021-10-14 00:00:00,3,Monday,7.8,22.1,13.85,4.45,0,44.2,27.7,0,4.420000000000001,2.77,,,,,94.8
2021-10-11,,0,Long,2021-10-13 14:16:00,2021-10-13 14:16:00,2021-10-11 11:10:00,2021-10-11 11:10:00,,17400.0,17600,18200,18350,2021-10-14 00:00:00,3,Monday,"[3.35, 3.35]","[4.4, 4.4]","[29.15, 124.55]","[8.1, 2.0]",0,,,0,,,Exit,Target hit,SL hit,Exit,-392.8999999999999
2021-10-12,16.36,1,Short,09:30:00,09:30:00,09:30:00,09:30:00,17963.0,17500.0,17700,18200,18300,2021-10-14 00:00:00,2,Tuesday,9.0,25.5,14.75,5.75,0,51.0,29.5,0,5.1000000000000005,2.95,,,,,102.0
2021-10-12,,0,Long,2021-10-13 14:18:00,2021-10-13 14:18:00,2021-10-13 09:52:00,2021-10-13 09:52:00,,17500.0,17700,18200,18300,2021-10-14 00:00:00,2,Tuesday,"[3.75, 3.75]","[5.1, 5.1]","[32.55, 124.55]","[9.1, 25.45]",0,,,0,,,Exit,Target hit,SL hit,Exit,-326.15000000000003
2021-10-13,15.87,1,Short,09:30:00,09:30:00,09:30:00,09:30:00,18086.6,17700.0,17900,18300,18450,2021-10-14 00:00:00,1,Wednesday,7.65,22.75,5.35,1.65,0,45.5,10.7,0,4.55,1.07,,,,,75.2
2021-10-13,,0,Long,2021-10-14 09:15:00,2021-10-14 09:15:00,2021-10-13 12:23:00,2021-10-13 12:23:00,,17700.0,17900,18300,18450,2021-10-14 00:00:00,1,Wednesday,"[2.15, 2.15]","[3.65, 3.65]","[10.7, 25.45]","[1.9, 0.25]",0,,,0,,,Exit,Target hit,SL hit,Exit,-90.4
2021-10-14,16.16,1,Short,09:30:00,09:30:00,09:30:00,09:30:00,18275.55,18200.0,18300,18300,18350,2021-10-14 00:00:00,0,Thursday,17.0,57.8,23.5,9.35,0,115.6,47.0,0,11.56,4.7,,,,,219.8
2021-10-14,,0,Long,2021-10-14 14:04:00,2021-10-14 14:04:00,2021-10-14 13:31:00,2021-10-14 13:31:00,,18200.0,18300,18300,18350,2021-10-14 00:00:00,0,Thursday,"[1.55, 1.55]","[11.5, 11.5]","[4.65, 4.65]","[1.1, 1.1]",0,,,0,,,Exit,Target hit,Target hit,Exit,-53.99999999999999
2021-10-18,17.12,1,Short,09:30:00,09:30:00,09:30:00,09:30:00,18513.25,17800.0,18150,18850,19000,2021-10-21 00:00:00,3,Monday,6.3,19.2,16.35,5.75,0,38.4,32.7,0,3.84,3.2700000000000005,,,,,94.0
2021-10-18,,0,Long,2021-10-20 14:21:00,2021-10-20 14:21:00,2021-10-20 09:17:00,2021-10-20 09:17:00,,17800.0,18150,18850,19000,2021-10-21 00:00:00,3,Monday,"[3.85, 0.3]","[38.4, 2.15]","[3.2, 3.2]","[2.4, 2.4]",0,,,0,,,Exit,SL hit,Target hit,Exit,-43.3
2021-10-19,17.24,1,Short,09:30:00,09:30:00,09:30:00,09:30:00,18580.65,18000.0,18300,18900,19150,2021-10-21 00:00:00,2,Tuesday,6.5,19.85,6.95,2.35,0,39.7,13.9,0,3.9700000000000006,1.39,,,,,71.80000000000001
2021-10-19,,0,Long,2021-10-19 10:06:00,2021-10-19 10:06:00,2021-10-21 09:18:00,2021-10-21 09:18:00,,18000.0,18300,18900,19150,2021-10-21 00:00:00,2,Tuesday,"[10.25, 0.4]","[39.9, 115.9]","[1.35, 1.35]","[1.15, 1.15]",0,,,0,,,Exit,SL hit,Target hit,Exit,-376.9500000000001
2021-10-20,17.87,1,Short,09:30:00,09:30:00,09:30:00,09:30:00,18376.7,17950.0,18200,18600,18750,2021-10-21 00:00:00,1,Wednesday,10.4,33.7,21.95,6.65,0,67.4,43.9,0,6.740000000000001,4.39,,,,,154.40000000000003
2021-10-20,,0,Long,2021-10-21 11:00:00,2021-10-21 11:00:00,2021-10-21 09:15:00,2021-10-21 09:15:00,,17950.0,18200,18600,18750,2021-10-21 00:00:00,1,Wednesday,"[6.8, 0.3]","[79.95, 20.55]","[3.9, 3.9]","[3.8, 3.8]",0,,,0,,,Exit,SL hit,Target hit,Exit,-134.29999999999998
2021-10-21,18.35,1,Short,09:30:00,09:30:00,09:30:00,09:30:00,18292.6,18200.0,18300,18300,18400,2021-10-21 00:00:00,0,Thursday,20.6,52.95,54.4,16.85,0,105.9,108.8,0,10.590000000000002,10.88,,,,,279.6
2021-10-21,,0,Long,2021-10-21 10:40:00,2021-10-21 10:40:00,2021-10-21 11:00:00,2021-10-21 11:00:00,,18200.0,18300,18300,18400,2021-10-21 00:00:00,0,Thursday,"[45.55, 20.55]","[106.2, 115.9]","[10.65, 10.65]","[4.6, 4.6]",0,,,0,,,Exit,SL hit,Target hit,Exit,-370.9000000000001
2021-10-22,17.69,1,Short,09:30:00,09:30:00,09:30:00,09:30:00,18279.8,17450.0,17800,18800,19100,2021-10-28 00:00:00,6,Friday,7.65,23.85,12.2,3.9,0,47.7,24.4,0,4.7700000000000005,2.44,,,,,98.0
2021-10-22,,0,Long,2021-10-22 13:15:00,2021-10-22 13:15:00,2021-10-27 09:16:00,2021-10-27 09:16:00,,17450.0,17800,18800,19100,2021-10-28 00:00:00,6,Friday,"[12.5, 0.15]","[49.2, 0.6]","[2.4, 2.4]","[1.35, 1.35]",0,,,0,,,Exit,SL hit,Target hit,Exit,-42.25
2021-10-25,18.33,1,Short,09:30:00,09:30:00,09:30:00,09:30:00,18081.15,17450.0,17750,18450,18650,2021-10-28 00:00:00,3,Monday,11.65,39.05,29.55,10.7,0,78.1,59.1,0,7.81,5.91,,,,,185.0
2021-10-25,,0,Long,2021-10-26 14:35:00,2021-10-26 14:35:00,2021-10-27 15:21:00,2021-10-27 15:21:00,,17450.0,17750,18450,18650,2021-10-28 00:00:00,3,Monday,"[3.0, 3.0]","[7.6, 7.6]","[5.85, 5.85]","[2.7, 2.7]",0,,,0,,,Exit,Target hit,Target hit,Exit,-31.0
2021-10-26,17.5,1,Short,09:30:00,09:30:00,09:30:00,09:30:00,18233.4,17700.0,17950,18550,18750,2021-10-28 00:00:00,2,Tuesday,10.25,29.3,18.7,5.4,0,58.6,37.4,0,5.86,3.74,,,,,129.4
2021-10-26,,0,Long,2021-10-27 12:35:00,2021-10-27 12:35:00,2021-10-27 14:53:00,2021-10-27 14:53:00,,17700.0,17950,18550,18750,2021-10-28 00:00:00,2,Tuesday,"[3.2, 3.2]","[5.85, 5.85]","[3.7, 3.7]","[2.4, 2.4]",0,,,0,,,Exit,Target hit,Target hit,Exit,-15.799999999999994
2021-10-27,16.97,1,Short,09:30:00,09:30:00,09:30:00,09:30:00,18308.8,17900.0,18100,18500,18600,2021-10-28 00:00:00,1,Wednesday,8.95,25.0,21.2,7.9,0,50.0,42.4,0,5.0,4.24,,,,,117.4
2021-10-27,,0,Long,2021-10-28 09:36:00,2021-10-28 09:36:00,2021-10-27 15:21:00,2021-10-27 15:21:00,,17900.0,18100,18500,18600,2021-10-28 00:00:00,1,Wednesday,"[5.4, 9.15]","[51.35, 181.4]","[4.1, 4.1]","[3.0, 3.0]",0,,,0,,,Exit,SL hit,Target hit,Exit,-567.1
2021-10-28,17.05,1,Short,09:30:00,09:30:00,09:30:00,09:30:00,18130.3,18050.0,18150,18150,18250,2021-10-28 00:00:00,0,Thursday,25.9,64.1,46.05,14.2,0,128.2,92.1,0,12.82,9.21,,,,,280.2
2021-10-28,,0,Long,2021-10-28 11:04:00,2021-10-28 11:04:00,2021-10-28 12:11:00,2021-10-28 12:11:00,,18050.0,18150,18150,18250,2021-10-28 00:00:00,0,Thursday,"[57.05, 132.0]","[129.3, 230.0]","[9.0, 9.0]","[2.95, 2.95]",0,,,0,,,Exit,SL hit,Target hit,Exit,-390.44999999999993
2021-10-29,19.0,1,Short,09:30:00,09:30:00,09:30:00,09:30:00,17703.1,16800.0,17250,18150,18400,2021-11-03 00:00:00,5,Friday,16.25,49.45,40.85,13.15,0,98.9,81.7,0,9.89,8.17,,,,,243.60000000000005
2021-10-29,,0,Long,2021-11-01 09:16:00,2021-11-01 09:16:00,2021-11-02 14:13:00,2021-11-02 14:13:00,,16800.0,17250,18150,18400,2021-11-03 00:00:00,5,Friday,"[3.05, 3.05]","[8.95, 8.95]","[8.05, 8.05]","[3.0, 3.0]",0,,,0,,,Exit,Target hit,Target hit,Exit,-43.8
2021-11-01,17.92,1,Short,09:30:00,09:30:00,09:30:00,09:30:00,17746.35,17250.0,17450,18050,18250,2021-11-03 00:00:00,2,Monday,10.15,28.1,32.05,10.55,0,56.2,64.1,0,5.620000000000001,6.41,,,,,157.79999999999998
2021-11-01,,0,Long,2021-11-01 15:08:00,2021-11-01 15:08:00,2021-11-01 13:47:00,2021-11-01 13:47:00,,17250.0,17450,18050,18250,2021-11-03 00:00:00,2,Monday,"[3.4, 3.4]","[5.5, 5.5]","[64.55, 0.45]","[17.7, 0.3]",0,,,0,,,Exit,Target hit,SL hit,Exit,-55.7
2021-11-02,17.11,1,Short,09:30:00,09:30:00,09:30:00,09:30:00,17973.25,17550.0,17750,18150,18300,2021-11-03 00:00:00,1,Tuesday,5.8,17.7,26.75,8.4,0,35.4,53.5,0,3.54,5.3500000000000005,,,,,121.0
2021-11-02,,0,Long,2021-11-02 10:35:00,2021-11-02 10:35:00,2021-11-02 15:23:00,2021-11-02 15:23:00,,17550.0,17750,18150,18300,2021-11-03 00:00:00,1,Tuesday,"[12.35, 0.4]","[37.4, 3.25]","[5.3, 5.3]","[2.75, 2.75]",0,,,0,,,Exit,SL hit,Target hit,Exit,-43.8
2021-11-03,16.57,1,Short,09:30:00,09:30:00,09:30:00,09:30:00,17966.8,17850.0,17950,17950,18050,2021-11-03 00:00:00,0,Wednesday,14.05,40.65,54.8,15.75,0,81.3,109.6,0,8.13,10.96,,,,,262.6
2021-11-03,,0,Long,2021-11-03 12:16:00,2021-11-03 12:16:00,2021-11-03 12:32:00,2021-11-03 12:32:00,,17850.0,17950,17950,18050,2021-11-03 00:00:00,0,Wednesday,"[28.95, 50.65]","[84.55, 149.1]","[10.75, 10.75]","[4.1, 4.1]",0,,,0,,,Exit,SL hit,Target hit,Exit,-377.55
2021-11-08,16.81,1,Short,09:30:00,09:30:00,09:30:00,09:30:00,17837.7,17350.0,17550,18150,18300,2021-11-11 00:00:00,3,Monday,11.0,32.8,26.7,10.05,0,65.6,53.4,0,6.56,5.34,,,,,153.8
2021-11-08,,0,Long,2021-11-08 15:23:00,2021-11-08 15:23:00,2021-11-08 12:11:00,2021-11-08 12:11:00,,17350.0,17550,18150,18300,2021-11-11 00:00:00,3,Monday,"[4.15, 4.15]","[6.25, 6.25]","[54.9, 0.3]","[19.15, 0.2]",0,,,0,,,Exit,Target hit,SL hit,Exit,-44.45
2021-11-09,16.26,1,Short,09:30:00,09:30:00,09:30:00,09:30:00,18074.05,17550.0,17800,18300,18400,2021-11-11 00:00:00,2,Tuesday,7.55,23.65,21.6,8.55,0,47.3,43.2,0,4.73,4.32,,,,,116.6
2021-11-09,,0,Long,2021-11-11 14:51:00,2021-11-11 14:51:00,2021-11-10 11:40:00,2021-11-10 11:40:00,,17550.0,17800,18300,18400,2021-11-11 00:00:00,2,Tuesday,"[0.15, 0.15]","[4.25, 4.25]","[4.3, 4.3]","[3.25, 3.25]",0,,,0,,,Exit,Target hit,Target hit,Exit,-20.6
2021-11-10,16.52,1,Short,09:30:00,09:30:00,09:30:00,09:30:00,17945.35,17600.0,17750,18150,18300,2021-11-11 00:00:00,1,Wednesday,8.3,23.95,17.1,5.2,0,47.9,34.2,0,4.79,3.4200000000000004,,,,,110.2
2021-11-10,,0,Long,2021-11-11 09:25:00,2021-11-11 09:25:00,2021-11-10 14:04:00,2021-11-10 14:04:00,,17600.0,17750,18150,18300,2021-11-11 00:00:00,1,Wednesday,"[1.5, 1.5]","[4.7, 4.7]","[35.45, 0.3]","[7.0, 0.2]",0,,,0,,,Exit,Target hit,SL hit,Exit,-41.55
2021-11-11,16.47,1,Short,09:30:00,09:30:00,09:30:00,09:30:00,17933.0,17850.0,17950,17950,18050,2021-11-11 00:00:00,0,Thursday,20.85,58.3,41.1,12.2,0,116.6,82.2,0,11.66,8.22,,,,,265.40000000000003
2021-11-11,,0,Long,2021-11-11 10:30:00,2021-11-11 10:30:00,2021-11-11 12:36:00,2021-11-11 12:36:00,,17850.0,17950,17950,18050,2021-11-11 00:00:00,0,Thursday,"[58.25, 12.7]","[123.65, 98.95]","[7.8, 7.8]","[2.75, 2.75]",0,,,0,,,Exit,SL hit,Target hit,Exit,-344.35
2021-11-12,15.44,1,Short,09:30:00,09:30:00,09:30:00,09:30:00,17984.35,17250.0,17550,18450,18700,2021-11-18 00:00:00,6,Friday,5.5,18.15,7.85,2.65,0,36.3,15.7,0,3.63,1.57,,,,,71.4
2021-11-12,,0,Long,2021-11-16 13:10:00,2021-11-16 13:10:00,2021-11-15 09:15:00,2021-11-15 09:15:00,,17250.0,17550,18450,18700,2021-11-18 00:00:00,6,Friday,"[1.75, 1.75]","[3.6, 3.6]","[78.55, 0.2]","[2.35, 0.15]",0,,,0,,,Exit,Target hit,SL hit,Exit,-83.74999999999999
2021-11-15,15.28,1,Short,09:30:00,09:30:00,09:30:00,09:30:00,18173.05,17550.0,17850,18450,18600,2021-11-18 00:00:00,3,Monday,6.35,19.35,17.15,5.25,0,38.7,34.3,0,3.870000000000001,3.43,,,,,99.6
2021-11-15,,0,Long,2021-11-17 09:15:00,2021-11-17 09:15:00,2021-11-17 09:16:00,2021-11-17 09:16:00,,17550.0,17850,18450,18600,2021-11-18 00:00:00,3,Monday,"[5.0, 0.15]","[48.95, 38.55]","[3.4, 3.4]","[2.4, 2.4]",0,,,0,,,Exit,SL hit,Target hit,Exit,-163.14999999999998
2021-11-16,15.54,1,Short,09:30:00,09:30:00,09:30:00,09:30:00,18092.1,17600.0,17850,18350,18500,2021-11-18 00:00:00,2,Tuesday,8.25,27.2,16.3,5.2,0,54.4,32.6,0,5.44,3.26,,,,,120.2
2021-11-16,,0,Long,2021-11-18 10:09:00,2021-11-18 10:09:00,2021-11-17 13:57:00,2021-11-17 13:57:00,,17600.0,17850,18350,18500,2021-11-18 00:00:00,2,Tuesday,"[3.4, 0.25]","[56.25, 38.55]","[3.25, 3.25]","[2.15, 2.15]",0,,,0,,,Exit,SL hit,Target hit,Exit,-172.14999999999998
2021-11-17,14.94,1,Short,09:30:00,09:30:00,09:30:00,09:30:00,17966.9,17650.0,17800,18100,18250,2021-11-18 00:00:00,1,Wednesday,8.9,27.35,26.5,7.85,0,54.7,53.0,0,5.470000000000001,5.300000000000001,,,,,148.4
2021-11-17,,0,Long,2021-11-18 10:17:00,2021-11-18 10:17:00,2021-11-18 09:15:00,2021-11-18 09:15:00,,17650.0,17800,18100,18250,2021-11-18 00:00:00,1,Wednesday,"[12.15, 0.3]","[58.75, 6.45]","[5.0, 5.0]","[2.95, 2.95]",0,,,0,,,Exit,SL hit,Target hit,Exit,-73.25
2021-11-18,14.58,1,Short,09:30:00,09:30:00,09:30:00,09:30:00,17881.8,17800.0,17900,17900,18000,2021-11-18 00:00:00,0,Thursday,22.9,58.55,42.8,12.2,0,117.1,85.6,0,11.71,8.56,,,,,265.0
2021-11-18,,0,Long,2021-11-18 10:16:00,2021-11-18 10:16:00,2021-11-18 10:25:00,2021-11-18 10:25:00,,17800.0,17900,17900,18000,2021-11-18 00:00:00,0,Thursday,"[52.95, 6.45]","[119.65, 86.85]","[8.35, 8.35]","[3.95, 3.95]",0,,,0,,,Exit,SL hit,Target hit,Exit,-325.5
2021-11-22,16.05,1,Short,09:30:00,09:30:00,09:30:00,09:30:00,17630.65,17100.0,17350,17950,18150,2021-11-25 00:00:00,3,Monday,12.7,38.85,28.9,9.2,0,77.7,57.8,0,7.77,5.78,,,,,183.4
2021-11-22,,0,Long,2021-11-22 12:10:00,2021-11-22 12:10:00,2021-11-23 09:16:00,2021-11-23 09:16:00,,17100.0,17350,17950,18150,2021-11-25 00:00:00,3,Monday,"[34.9, 0.2]","[96.65, 0.4]","[5.65, 5.65]","[3.75, 3.75]",0,,,0,,,Exit,SL hit,Target hit,Exit,-69.95
2021-11-23,18.67,1,Short,09:30:00,09:30:00,09:30:00,09:30:00,17339.35,16750.0,17050,17650,17950,2021-11-25 00:00:00,2,Tuesday,11.8,34.6,18.9,6.35,0,69.2,37.8,0,6.920000000000001,3.78,,,,,141.4
2021-11-23,,0,Long,2021-11-24 09:15:00,2021-11-24 09:15:00,2021-11-23 13:40:00,2021-11-23 13:40:00,,16750.0,17050,17650,17950,2021-11-25 00:00:00,2,Tuesday,"[1.9, 1.9]","[6.0, 6.0]","[38.7, 0.3]","[6.0, 0.1]",0,,,0,,,Exit,Target hit,SL hit,Exit,-49.7
2021-11-24,16.33,1,Short,09:30:00,09:30:00,09:30:00,09:30:00,17552.95,17150.0,17350,17750,17900,2021-11-25 00:00:00,1,Wednesday,7.35,22.35,14.7,4.45,0,44.7,29.4,0,4.470000000000001,2.94,,,,,101.0
2021-11-24,,0,Long,2021-11-24 15:25:00,2021-11-24 15:25:00,2021-11-24 14:47:00,2021-11-24 14:47:00,,17150.0,17350,17750,17900,2021-11-25 00:00:00,1,Wednesday,"[9.55, 0.2]","[46.35, 0.4]","[2.9, 2.9]","[2.0, 2.0]",0,,,0,,,Exit,SL hit,Target hit,Exit,-41.0
2021-11-25,17.86,1,Short,09:30:00,09:30:00,09:30:00,09:30:00,17382.9,17250.0,17400,17400,17500,2021-11-25 00:00:00,0,Thursday,21.3,66.75,48.25,13.6,0,133.5,96.5,0,13.35,9.65,,,,,320.4
2021-11-25,,0,Long,2021-11-25 12:12:00,2021-11-25 12:12:00,2021-11-25 11:18:00,2021-11-25 11:18:00,,17250.0,17400,17400,17500,2021-11-25 00:00:00,0,Thursday,"[4.0, 4.0]","[12.85, 12.85]","[96.65, 152.6]","[31.6, 54.2]",0,,,0,,,Exit,Target hit,SL hit,Exit,-395.6499999999999
2021-11-26,17.24,1,Short,09:30:00,09:30:00,09:30:00,09:30:00,17292.65,16550.0,16850,17750,18000,2021-12-02 00:00:00,6,Friday,12.65,35.75,16.2,5.0,0,71.5,32.4,0,7.15,3.24,,,,,137.20000000000002
2021-11-26,,0,Long,2021-11-26 10:56:00,2021-11-26 10:56:00,2021-11-29 14:27:00,2021-11-29 14:27:00,,16550.0,16850,17750,18000,2021-12-02 00:00:00,6,Friday,"[29.15, 0.15]","[74.0, 0.2]","[3.2, 3.2]","[2.1, 2.1]",0,,,0,,,Exit,SL hit,Target hit,Exit,-49.39999999999999
2021-11-29,21.46,1,Short,09:30:00,09:30:00,09:30:00,09:30:00,16957.05,16050.0,16550,17350,17550,2021-12-02 00:00:00,3,Monday,21.2,62.0,38.1,13.0,0,124.0,76.2,0,12.4,7.620000000000001,,,,,263.6
2021-11-29,,0,Long,2021-11-30 09:33:00,2021-11-30 09:33:00,2021-11-30 10:25:00,2021-11-30 10:25:00,,16050.0,16550,17350,17550,2021-12-02 00:00:00,3,Monday,"[3.9, 3.9]","[11.7, 11.7]","[78.85, 16.2]","[16.4, 0.15]",0,,,0,,,Exit,Target hit,SL hit,Exit,-141.79999999999998
2021-11-30,19.57,1,Short,09:30:00,09:30:00,09:30:00,09:30:00,17199.55,16550.0,16900,17500,17650,2021-12-02 00:00:00,2,Tuesday,13.8,42.25,13.9,4.25,0,84.5,27.8,0,8.450000000000001,2.78,,,,,152.39999999999998
2021-11-30,,0,Long,2021-11-30 11:36:00,2021-11-30 11:36:00,2021-11-30 10:30:00,2021-11-30 10:30:00,,16550.0,16900,17500,17650,2021-12-02 00:00:00,2,Tuesday,"[29.8, 0.15]","[89.95, 0.2]","[28.6, 0.25]","[7.45, 0.2]",0,,,0,,,Exit,SL hit,SL hit,Exit,-81.6
2021-12-01,20.11,1,Short,09:30:00,09:30:00,09:30:00,09:30:00,17183.8,16700.0,17000,17400,17500,2021-12-02 00:00:00,1,Wednesday,14.0,44.3,17.4,6.7,0,88.6,34.8,0,8.86,3.48,,,,,164.0
2021-12-01,,0,Long,2021-12-02 09:42:00,2021-12-02 09:42:00,2021-12-02 09:16:00,2021-12-02 09:16:00,,16700.0,17000,17400,17500,2021-12-02 00:00:00,1,Wednesday,"[1.85, 1.85]","[8.8, 8.8]","[3.3, 3.3]","[1.8, 1.8]",0,,,0,,,Exit,Target hit,Target hit,Exit,-33.800000000000004
2021-12-02,19.89,1,Short,09:30:00,09:30:00,09:30:00,09:30:00,17234.6,17100.0,17250,17250,17350,2021-12-02 00:00:00,0,Thursday,25.15,74.55,45.4,11.6,0,149.1,90.8,0,14.91,9.08,,,,,332.79999999999995
2021-12-02,,0,Long,2021-12-02 13:09:00,2021-12-02 13:09:00,2021-12-02 11:29:00,2021-12-02 11:29:00,,17100.0,17250,17250,17350,2021-12-02 00:00:00,0,Thursday,"[2.4, 2.4]","[12.3, 12.3]","[91.35, 109.2]","[26.1, 16.2]",0,,,0,,,Exit,Target hit,SL hit,Exit,-383.8500000000001
2021-12-03,17.93,1,Short,09:30:00,09:30:00,09:30:00,09:30:00,17466.1,16550.0,16950,17950,18150,2021-12-09 00:00:00,6,Friday,9.9,29.8,10.5,3.05,0,59.6,21.0,0,5.960000000000001,2.1,,,,,109.4
2021-12-03,,0,Long,2021-12-03 13:44:00,2021-12-03 13:44:00,2021-12-07 09:38:00,2021-12-07 09:38:00,,16550.0,16950,17950,18150,2021-12-09 00:00:00,6,Friday,"[17.4, 0.15]","[60.4, 0.15]","[2.1, 2.1]","[1.85, 1.85]",0,,,0,,,Exit,SL hit,Target hit,Exit,-44.0
2021-12-07,19.12,1,Short,09:30:00,09:30:00,09:30:00,09:30:00,17005.95,16450.0,16700,17300,17500,2021-12-09 00:00:00,2,Tuesday,8.6,29.55,25.2,8.15,0,59.1,50.4,0,5.91,5.04,,,,,152.0
2021-12-07,,0,Long,2021-12-08 09:15:00,2021-12-08 09:15:00,2021-12-07 10:46:00,2021-12-07 10:46:00,,16450.0,16700,17300,17500,2021-12-09 00:00:00,2,Tuesday,"[3.15, 3.15]","[5.6, 5.6]","[52.2, 192.85]","[14.9, 8.85]",0,,,0,,,Exit,Target hit,SL hit,Exit,-599.1
2021-12-08,17.27,1,Short,09:30:00,09:30:00,09:30:00,09:30:00,17378.65,16950.0,17200,17600,17700,2021-12-09 00:00:00,1,Wednesday,7.6,25.1,12.05,4.6,0,50.2,24.1,0,5.0200000000000005,2.41,,,,,99.80000000000004
2021-12-08,,0,Long,2021-12-09 09:15:00,2021-12-09 09:15:00,2021-12-09 10:33:00,2021-12-09 10:33:00,,16950.0,17200,17600,17700,2021-12-09 00:00:00,1,Wednesday,"[1.9, 1.9]","[5.0, 5.0]","[2.35, 2.35]","[1.35, 1.35]",0,,,0,,,Exit,Target hit,Target hit,Exit,-16.4
2021-12-09,16.94,1,Short,09:30:00,09:30:00,09:30:00,09:30:00,17429.6,17300.0,17450,17450,17550,2021-12-09 00:00:00,0,Thursday,16.65,64.4,45.9,12.5,0,128.8,91.8,0,12.880000000000004,9.18,,,,,324.6
2021-12-09,,0,Long,2021-12-09 12:50:00,2021-12-09 12:50:00,2021-12-09 13:13:00,2021-12-09 13:13:00,,17300.0,17450,17450,17550,2021-12-09 00:00:00,0,Thursday,"[1.75, 1.75]","[11.9, 11.9]","[92.7, 45.9]","[21.95, 0.7]",0,,,0,,,Exit,Target hit,SL hit,Exit,-246.95
2021-12-10,16.88,1,Short,09:30:00,09:30:00,09:30:00,09:30:00,17524.45,16700.0,17050,17950,18100,2021-12-16 00:00:00,6,Friday,10.7,30.75,12.75,4.75,0,61.5,25.5,0,6.15,2.5500000000000003,,,,,112.2
2021-12-10,,0,Long,2021-12-16 09:16:00,2021-12-16 09:16:00,2021-12-14 15:23:00,2021-12-14 15:23:00,,16700.0,17050,17950,18100,2021-12-16 00:00:00,6,Friday,"[0.9, 0.9]","[2.9, 2.9]","[2.55, 2.55]","[1.9, 1.9]",0,,,0,,,Exit,Target hit,Target hit,Exit,-10.599999999999998
2021-12-13,15.49,1,Short,09:30:00,09:30:00,09:30:00,09:30:00,17633.9,17050.0,17350,17950,18100,2021-12-16 00:00:00,3,Monday,9.55,30.0,14.95,4.55,0,60.0,29.9,0,6.0,2.99,,,,,123.4
2021-12-13,,0,Long,2021-12-13 12:22:00,2021-12-13 12:22:00,2021-12-14 12:49:00,2021-12-14 12:49:00,,17050.0,17350,17950,18100,2021-12-16 00:00:00,3,Monday,"[16.8, 0.25]","[62.75, 113.75]","[2.95, 2.95]","[2.2, 2.2]",0,,,0,,,Exit,SL hit,Target hit,Exit,-389.45
2021-12-14,17.02,1,Short,09:30:00,09:30:00,09:30:00,09:30:00,17309.7,16850.0,17050,17550,17750,2021-12-16 00:00:00,2,Tuesday,10.95,30.8,26.8,7.95,0,61.6,53.6,0,6.16,5.36,,,,,154.8
2021-12-14,,0,Long,2021-12-16 09:16:00,2021-12-16 09:16:00,2021-12-15 15:06:00,2021-12-15 15:06:00,,16850.0,17050,17550,17750,2021-12-16 00:00:00,2,Tuesday,"[1.15, 1.15]","[2.9, 2.9]","[5.35, 5.35]","[2.2, 2.2]",0,,,0,,,Exit,Target hit,Target hit,Exit,-19.6
2021-12-15,17.07,1,Short,09:30:00,09:30:00,09:30:00,09:30:00,17274.2,16900.0,17050,17450,17600,2021-12-16 00:00:00,1,Wednesday,8.35,23.35,26.75,8.5,0,46.7,53.5,0,4.670000000000001,5.3500000000000005,,,,,133.0
2021-12-15,,0,Long,2021-12-16 09:16:00,2021-12-16 09:16:00,2021-12-16 09:55:00,2021-12-16 09:55:00,,16900.0,17050,17450,17600,2021-12-16 00:00:00,1,Wednesday,"[1.45, 1.45]","[2.9, 2.9]","[5.05, 5.05]","[1.55, 1.55]",0,,,0,,,Exit,Target hit,Target hit,Exit,-19.8
2021-12-16,16.43,1,Short,09:30:00,09:30:00,09:30:00,09:30:00,17320.25,17200.0,17300,17300,17400,2021-12-16 00:00:00,0,Thursday,14.35,41.15,64.9,22.0,0,82.3,129.8,0,8.23,12.980000000000002,,,,,278.80000000000007
2021-12-16,,0,Long,2021-12-16 10:07:00,2021-12-16 10:07:00,2021-12-16 12:29:00,2021-12-16 12:29:00,,17200.0,17300,17300,17400,2021-12-16 00:00:00,0,Thursday,"[33.65, 3.5]","[82.95, 64.6]","[12.25, 12.25]","[3.4, 3.4]",0,,,0,,,Exit,SL hit,Target hit,Exit,-268.0
2021-12-17,16.08,1,Short,09:30:00,09:30:00,09:30:00,09:30:00,17154.4,16450.0,16750,17550,17750,2021-12-23 00:00:00,6,Friday,10.25,32.75,19.45,6.65,0,65.5,38.9,0,6.550000000000001,3.89,,,,,141.20000000000002
2021-12-17,,0,Long,2021-12-20 09:15:00,2021-12-20 09:15:00,2021-12-21 09:32:00,2021-12-21 09:32:00,,16450.0,16750,17550,17750,2021-12-23 00:00:00,6,Friday,"[36.0, 0.2]","[98.15, 0.2]","[3.45, 3.45]","[2.5, 2.5]",0,,,0,,,Exit,SL hit,Target hit,Exit,-65.94999999999999
2021-12-20,17.97,1,Short,09:30:00,09:30:00,09:30:00,09:30:00,16674.1,16000.0,16350,16950,17200,2021-12-23 00:00:00,3,Monday,17.6,51.5,54.75,16.85,0,103.0,109.5,0,10.3,10.95,,,,,287.2
2021-12-20,,0,Long,2021-12-20 12:51:00,2021-12-20 12:51:00,2021-12-23 09:16:00,2021-12-23 09:16:00,,16000.0,16350,16950,17200,2021-12-23 00:00:00,3,Monday,"[42.8, 0.05]","[106.65, 0.1]","[109.85, 117.05]","[5.45, 0.3]",0,,,0,,,Exit,SL hit,SL hit,Exit,-518.65
2021-12-21,18.2,1,Short,09:30:00,09:30:00,09:30:00,09:30:00,16791.1,16200.0,16550,17050,17250,2021-12-23 00:00:00,2,Tuesday,16.0,49.35,30.15,10.0,0,98.7,60.3,0,9.87,6.03,,,,,214.0
2021-12-21,,0,Long,2021-12-22 11:40:00,2021-12-22 11:40:00,2021-12-23 09:32:00,2021-12-23 09:32:00,,16200.0,16550,17050,17250,2021-12-23 00:00:00,2,Tuesday,"[3.15, 3.15]","[9.85, 9.85]","[60.35, 21.25]","[2.2, 0.2]",0,,,0,,,Exit,Target hit,SL hit,Exit,-148.1
2021-12-22,17.16,1,Short,09:30:00,09:30:00,09:30:00,09:30:00,16873.4,16450.0,16650,17050,17200,2021-12-23 00:00:00,1,Wednesday,8.0,24.9,24.05,6.7,0,49.8,48.1,0,4.98,4.8100000000000005,,,,,137.0
2021-12-22,,0,Long,2021-12-23 09:15:00,2021-12-23 09:15:00,2021-12-23 09:28:00,2021-12-23 09:28:00,,16450.0,16650,17050,17200,2021-12-23 00:00:00,1,Wednesday,"[1.8, 1.8]","[3.65, 3.65]","[48.35, 21.25]","[4.85, 0.3]",0,,,0,,,Exit,Target hit,SL hit,Exit,-113.75
2021-12-23,16.38,1,Short,09:30:00,09:30:00,09:30:00,09:30:00,17055.5,16950.0,17050,17050,17150,2021-12-23 00:00:00,0,Thursday,14.25,40.55,48.25,11.05,0,81.1,96.5,0,8.11,9.65,,,,,254.0
2021-12-23,,0,Long,2021-12-23 13:23:00,2021-12-23 13:23:00,2021-12-23 15:00:00,2021-12-23 15:00:00,,16950.0,17050,17050,17150,2021-12-23 00:00:00,0,Thursday,"[2.3, 2.3]","[7.75, 7.75]","[21.25, 21.25]","[0.35, 0.35]",0,,,0,,,Exit,Target hit,Universal exit,Exit,-105.4
2021-12-24,16.1,1,Short,09:30:00,09:30:00,09:30:00,09:30:00,17090.6,16350.0,16700,17500,17700,2021-12-30 00:00:00,6,Friday,12.5,35.8,17.55,5.5,0,71.6,35.1,0,7.16,3.51,,,,,141.39999999999998
2021-12-24,,0,Long,2021-12-27 09:16:00,2021-12-27 09:16:00,2021-12-29 11:07:00,2021-12-29 11:07:00,,16350.0,16700,17500,17700,2021-12-30 00:00:00,6,Friday,"[23.4, 0.1]","[73.1, 0.2]","[3.5, 3.5]","[1.4, 1.4]",0,,,0,,,Exit,SL hit,Target hit,Exit,-58.39999999999999
2021-12-27,17.04,1,Short,09:30:00,09:30:00,09:30:00,09:30:00,16938.6,16350.0,16650,17250,17400,2021-12-30 00:00:00,3,Monday,15.55,47.0,22.45,8.1,0,94.0,44.9,0,9.4,4.49,,,,,183.2
2021-12-27,,0,Long,2021-12-28 09:16:00,2021-12-28 09:16:00,2021-12-27 13:34:00,2021-12-27 13:34:00,,16350.0,16650,17250,17400,2021-12-30 00:00:00,3,Monday,"[4.35, 4.35]","[9.15, 9.15]","[47.0, 1.3]","[16.2, 0.1]",0,,,0,,,Exit,Target hit,SL hit,Exit,-53.6
2021-12-28,17.05,1,Short,09:30:00,09:30:00,09:30:00,09:30:00,17177.3,16700.0,16950,17450,17600,2021-12-30 00:00:00,2,Tuesday,12.55,35.6,14.05,3.65,0,71.2,28.1,0,7.120000000000001,2.8100000000000005,,,,,133.8
2021-12-28,,0,Long,2021-12-29 13:47:00,2021-12-29 13:47:00,2021-12-29 15:20:00,2021-12-29 15:20:00,,16700.0,16950,17450,17600,2021-12-30 00:00:00,2,Tuesday,"[3.1, 3.1]","[7.05, 7.05]","[2.8, 2.8]","[1.5, 1.5]",0,,,0,,,Exit,Target hit,Target hit,Exit,-21.0
2021-12-29,16.8,1,Short,09:30:00,09:30:00,09:30:00,09:30:00,17238.5,16800.0,17050,17450,17550,2021-12-30 00:00:00,1,Wednesday,6.85,22.8,9.05,2.9,0,45.6,18.1,0,4.5600000000000005,1.8100000000000005,,,,,88.4
2021-12-29,,0,Long,2021-12-30 09:44:00,2021-12-30 09:44:00,2021-12-30 09:16:00,2021-12-30 09:16:00,,16800.0,17050,17450,17550,2021-12-30 00:00:00,1,Wednesday,"[0.9, 0.9]","[4.55, 4.55]","[1.2, 1.2]","[1.0, 1.0]",0,,,0,,,Exit,Target hit,Target hit,Exit,-15.4
2021-12-30,16.46,1,Short,09:30:00,09:30:00,09:30:00,09:30:00,17208.7,17100.0,17200,17200,17300,2021-12-30 00:00:00,0,Thursday,13.2,40.05,46.45,8.5,0,80.1,92.9,0,8.01,9.29,,,,,259.2
2021-12-30,,0,Long,2021-12-30 14:46:00,2021-12-30 14:46:00,2021-12-30 15:00:00,2021-12-30 15:00:00,,17100.0,17200,17200,17300,2021-12-30 00:00:00,0,Thursday,"[0.5, 0.5]","[6.3, 6.3]","[16.05, 16.05]","[0.2, 0.2]",0,,,0,,,Exit,Target hit,Universal exit,Exit,-86.60000000000001
2021-12-31,16.7,1,Short,09:30:00,09:30:00,09:30:00,09:30:00,17314.4,16500.0,16850,17750,17900,2022-01-06 00:00:00,6,Friday,9.25,28.0,7.9,2.65,0,56.0,15.8,0,5.6000000000000005,1.58,,,,,96.0
2021-12-31,,0,Long,2022-01-03 13:34:00,2022-01-03 13:34:00,2022-01-03 10:25:00,2022-01-03 10:25:00,,16500.0,16850,17750,17900,2022-01-06 00:00:00,6,Friday,"[2.75, 2.75]","[5.6, 5.6]","[15.95, 13.4]","[3.5, 0.35]",0,,,0,,,Exit,Target hit,SL hit,Exit,-63.000000000000014
2021-06-04,16.15,1,Short,09:30:00,09:30:00,09:30:00,09:30:00,15713.15,14900.0,15300,16100,16300,2021-06-10 00:00:00,6,Friday,5.9,18.35,9.25,2.85,0,36.7,18.5,0,3.67,1.85,,,,,75.4
2021-06-04,,0,Long,2021-06-08 15:26:00,2021-06-08 15:26:00,2021-06-08 15:30:00,2021-06-08 15:30:00,,14900.0,15300,16100,16300,2021-06-10 00:00:00,6,Friday,"[1.5, 1.5]","[3.65, 3.65]","[1.8, 1.8]","[0.15, 0.15]",0,,,0,,,Exit,Target hit,Target hit,Exit,-15.199999999999998
2021-06-07,15.3,1,Short,09:30:00,09:30:00,09:30:00,09:30:00,15699.4,15250.0,15450,15950,16100,2021-06-10 00:00:00,3,Monday,5.95,18.35,14.4,4.6,0,36.7,28.8,0,3.67,2.8800000000000003,,,,,88.8
2021-06-07,,0,Long,2021-06-10 09:16:00,2021-06-10 09:16:00,2021-06-09 14:33:00,2021-06-09 14:33:00,,15250.0,15450,15950,16100,2021-06-10 00:00:00,3,Monday,"[1.4, 1.4]","[2.6, 2.6]","[2.7, 2.7]","[1.7, 1.7]",0,,,0,,,Exit,Target hit,Target hit,Exit,-8.800000000000004
2021-06-08,14.86,1,Short,09:30:00,09:30:00,09:30:00,09:30:00,15740.35,15400.0,15550,15950,16100,2021-06-10 00:00:00,2,Tuesday,7.6,20.85,10.55,3.05,0,41.7,21.1,0,4.170000000000001,2.1100000000000003,,,,,83.00000000000001
2021-06-08,,0,Long,2021-06-10 12:10:00,2021-06-10 12:10:00,2021-06-09 15:29:00,2021-06-09 15:29:00,,15400.0,15550,15950,16100,2021-06-10 00:00:00,2,Tuesday,"[1.85, 1.85]","[4.15, 4.15]","[2.05, 2.05]","[1.65, 1.65]",0,,,0,,,Exit,Target hit,Target hit,Exit,-10.8
2021-06-09,14.83,1,Short,09:30:00,09:30:00,09:30:00,09:30:00,15759.2,15450.0,15600,15900,16050,2021-06-10 00:00:00,1,Wednesday,4.65,15.4,8.25,2.6,0,30.8,16.5,0,3.08,1.65,,,,,65.6
2021-06-09,,0,Long,2021-06-09 13:15:00,2021-06-09 13:15:00,2021-06-10 09:16:00,2021-06-10 09:16:00,,15450.0,15600,15900,16050,2021-06-10 00:00:00,1,Wednesday,"[8.1, 0.3]","[32.35, 0.65]","[1.6, 1.6]","[0.95, 0.95]",0,,,0,,,Exit,SL hit,Target hit,Exit,-27.90000000000001
2021-06-10,15.05,1,Short,09:30:00,09:30:00,09:30:00,09:30:00,15677.0,15600.0,15700,15700,15750,2021-06-10 00:00:00,0,Thursday,16.6,55.35,25.55,10.55,0,110.7,51.1,0,11.07,5.11,,,,,215.0
2021-06-10,,0,Long,2021-06-10 14:20:00,2021-06-10 14:20:00,2021-06-10 12:01:00,2021-06-10 12:01:00,,15600.0,15700,15700,15750,2021-06-10 00:00:00,0,Thursday,"[1.35, 1.35]","[7.2, 7.2]","[57.65, 34.1]","[24.7, 2.9]",0,,,0,,,Exit,Target hit,SL hit,Exit,-149.95
2021-06-11,14.44,1,Short,09:30:00,09:30:00,09:30:00,09:30:00,15807.7,15050.0,15450,16150,16400,2021-06-17 00:00:00,6,Friday,5.95,18.3,6.8,2.2,0,36.6,13.6,0,3.66,1.36,,,,,67.80000000000001
2021-06-11,,0,Long,2021-06-14 09:32:00,2021-06-14 09:32:00,2021-06-17 09:15:00,2021-06-17 09:15:00,,15050.0,15450,16150,16400,2021-06-17 00:00:00,6,Friday,"[10.35, 0.2]","[41.45, 0.25]","[1.0, 1.0]","[0.85, 0.85]",0,,,0,,,Exit,SL hit,Target hit,Exit,-31.85
2021-06-14,14.88,1,Short,09:30:00,09:30:00,09:30:00,09:30:00,15664.2,15100.0,15400,15900,16050,2021-06-17 00:00:00,3,Monday,8.7,25.35,17.55,5.75,0,50.7,35.1,0,5.07,3.51,,,,,113.80000000000004
2021-06-14,,0,Long,2021-06-15 13:01:00,2021-06-15 13:01:00,2021-06-14 13:25:00,2021-06-14 13:25:00,,15100.0,15400,15900,16050,2021-06-17 00:00:00,3,Monday,"[2.8, 2.8]","[5.05, 5.05]","[35.25, 0.35]","[8.65, 0.25]",0,,,0,,,Exit,Target hit,SL hit,Exit,-35.89999999999999
2021-06-15,14.38,1,Short,09:30:00,09:30:00,09:30:00,09:30:00,15882.8,15450.0,15700,16100,16300,2021-06-17 00:00:00,2,Tuesday,7.8,22.45,6.0,1.8,0,44.9,12.0,0,4.49,1.2000000000000002,,,,,75.4
2021-06-15,,0,Long,2021-06-17 09:15:00,2021-06-17 09:15:00,2021-06-17 09:15:00,2021-06-17 09:15:00,,15450.0,15700,16100,16300,2021-06-17 00:00:00,2,Tuesday,"[6.85, 0.25]","[59.95, 35.05]","[1.2, 1.2]","[0.9, 0.9]",0,,,0,,,Exit,SL hit,Target hit,Exit,-158.7
2021-06-16,14.68,1,Short,09:30:00,09:30:00,09:30:00,09:30:00,15863.6,15550.0,15700,16000,16100,2021-06-17 00:00:00,1,Wednesday,5.85,17.8,10.25,2.65,0,35.6,20.5,0,3.5600000000000005,2.0500000000000003,,,,,78.2
2021-06-16,,0,Long,2021-06-16 15:20:00,2021-06-16 15:20:00,2021-06-17 09:15:00,2021-06-17 09:15:00,,15550.0,15700,16000,16100,2021-06-17 00:00:00,1,Wednesday,"[9.95, 0.45]","[39.15, 35.05]","[1.3, 1.3]","[1.2, 1.2]",0,,,0,,,Exit,SL hit,Target hit,Exit,-133.4
2021-06-17,15.04,1,Short,09:30:00,09:30:00,09:30:00,09:30:00,15711.15,15600.0,15700,15700,15800,2021-06-17 00:00:00,0,Thursday,11.25,39.05,41.1,9.35,0,78.1,82.2,0,7.81,8.22,,,,,238.2
2021-06-17,,0,Long,2021-06-17 15:00:00,2021-06-17 15:00:00,2021-06-17 14:15:00,2021-06-17 14:15:00,,15600.0,15700,15700,15800,2021-06-17 00:00:00,0,Thursday,"[0.95, 0.95]","[35.05, 35.05]","[6.25, 6.25]","[1.3, 1.3]",0,,,0,,,Exit,Universal exit,Target hit,Exit,-156.2
2021-06-18,14.87,1,Short,09:30:00,09:30:00,09:30:00,09:30:00,15728.25,15050.0,15400,16100,16400,2021-06-24 00:00:00,6,Friday,7.0,21.35,9.25,3.1,0,42.7,18.5,0,4.2700000000000005,1.85,,,,,82.0
2021-06-18,,0,Long,2021-06-18 09:56:00,2021-06-18 09:56:00,2021-06-24 09:15:00,2021-06-24 09:15:00,,15050.0,15400,16100,16400,2021-06-24 00:00:00,6,Friday,"[11.5, 0.1]","[46.3, 0.35]","[1.5, 1.5]","[1.15, 1.15]",0,,,0,,,Exit,SL hit,Target hit,Exit,-36.94999999999999
2021-06-21,16.18,1,Short,09:30:00,09:30:00,09:30:00,09:30:00,15576.6,15100.0,15350,15850,16000,2021-06-24 00:00:00,3,Monday,15.65,45.6,21.4,7.4,0,91.2,42.8,0,9.12,4.28,,,,,175.8
2021-06-21,,0,Long,2021-06-22 09:16:00,2021-06-22 09:16:00,2021-06-22 09:15:00,2021-06-22 09:15:00,,15100.0,15350,15850,16000,2021-06-24 00:00:00,3,Monday,"[3.9, 3.9]","[7.65, 7.65]","[55.35, 1.55]","[19.9, 0.25]",0,,,0,,,Exit,Target hit,SL hit,Exit,-54.35000000000001
2021-06-22,14.59,1,Short,09:30:00,09:30:00,09:30:00,09:30:00,15864.6,15350.0,15650,16050,16200,2021-06-24 00:00:00,2,Tuesday,6.65,20.6,10.6,3.3,0,41.2,21.2,0,4.12,2.12,,,,,85.00000000000001
2021-06-22,,0,Long,2021-06-23 14:41:00,2021-06-23 14:41:00,2021-06-24 09:15:00,2021-06-24 09:15:00,,15350.0,15650,16050,16200,2021-06-24 00:00:00,2,Tuesday,"[2.3, 0.25]","[41.35, 0.65]","[0.9, 0.9]","[1.4, 1.4]",0,,,0,,,Exit,SL hit,Target hit,Exit,-38.25000000000001
2021-06-23,14.76,1,Short,09:30:00,09:30:00,09:30:00,09:30:00,15804.15,15450.0,15650,15950,16100,2021-06-24 00:00:00,1,Wednesday,5.75,19.4,14.85,4.5,0,38.8,29.7,0,3.88,2.97,,,,,96.0
2021-06-23,,0,Long,2021-06-23 13:17:00,2021-06-23 13:17:00,2021-06-24 09:16:00,2021-06-24 09:16:00,,15450.0,15650,15950,16100,2021-06-24 00:00:00,1,Wednesday,"[6.35, 0.25]","[40.5, 0.65]","[2.0, 2.0]","[1.25, 1.25]",0,,,0,,,Exit,SL hit,Target hit,Exit,-38.35
2021-06-24,15.22,1,Short,09:30:00,09:30:00,09:30:00,09:30:00,15744.7,15650.0,15750,15750,15850,2021-06-24 00:00:00,0,Thursday,18.05,51.4,37.2,7.1,0,102.8,74.4,0,10.28,7.440000000000001,,,,,253.8
2021-06-24,,0,Long,2021-06-24 14:10:00,2021-06-24 14:10:00,2021-06-24 15:00:00,2021-06-24 15:00:00,,15650.0,15750,15750,15850,2021-06-24 00:00:00,0,Thursday,"[2.4, 2.4]","[9.3, 9.3]","[54.55, 54.55]","[1.55, 1.55]",0,,,0,,,Exit,Target hit,Universal exit,Exit,-239.6
2021-06-25,14.97,1,Short,09:30:00,09:30:00,09:30:00,09:30:00,15823.85,15150.0,15450,16150,16350,2021-07-01 00:00:00,6,Friday,6.35,19.6,13.25,4.25,0,39.2,26.5,0,3.92,2.6500000000000004,,,,,89.0
2021-06-25,,0,Long,2021-06-29 13:31:00,2021-06-29 13:31:00,2021-06-29 15:02:00,2021-06-29 15:02:00,,15150.0,15450,16150,16350,2021-07-01 00:00:00,6,Friday,"[1.7, 1.7]","[3.85, 3.85]","[2.65, 2.65]","[1.95, 1.95]",0,,,0,,,Exit,Target hit,Target hit,Exit,-11.4
2021-06-28,13.47,1,Short,09:30:00,09:30:00,09:30:00,09:30:00,15897.65,15450.0,15650,16150,16350,2021-07-01 00:00:00,3,Monday,7.6,21.5,7.7,2.5,0,43.0,15.4,0,4.3,1.54,,,,,76.4
2021-06-28,,0,Long,2021-07-01 12:53:00,2021-07-01 12:53:00,2021-06-30 12:44:00,2021-06-30 12:44:00,,15450.0,15650,16150,16350,2021-07-01 00:00:00,3,Monday,"[0.65, 0.65]","[3.65, 3.65]","[1.5, 1.5]","[0.1, 0.1]",0,,,0,,,Exit,Target hit,Target hit,Exit,-17.6
2021-06-29,13.25,1,Short,09:30:00,09:30:00,09:30:00,09:30:00,15815.6,15450.0,15600,16000,16100,2021-07-01 00:00:00,2,Tuesday,5.95,17.8,13.25,4.75,0,35.6,26.5,0,3.5600000000000005,2.6500000000000004,,,,,81.4
2021-06-29,,0,Long,2021-07-01 09:16:00,2021-07-01 09:16:00,2021-06-30 14:04:00,2021-06-30 14:04:00,,15450.0,15600,16000,16100,2021-07-01 00:00:00,2,Tuesday,"[1.25, 1.25]","[3.3, 3.3]","[2.65, 2.65]","[1.65, 1.65]",0,,,0,,,Exit,Target hit,Target hit,Exit,-12.199999999999998
2021-06-30,12.82,1,Short,09:30:00,09:30:00,09:30:00,09:30:00,15786.85,15550.0,15650,15950,16100,2021-07-01 00:00:00,1,Wednesday,4.4,12.8,7.95,2.65,0,25.6,15.9,0,2.5600000000000005,1.59,,,,,54.8
2021-06-30,,0,Long,2021-07-01 13:25:00,2021-07-01 13:25:00,2021-07-01 09:15:00,2021-07-01 09:15:00,,15550.0,15650,15950,16100,2021-07-01 00:00:00,1,Wednesday,"[0.75, 0.75]","[2.2, 2.2]","[1.4, 1.4]","[1.0, 1.0]",0,,,0,,,Exit,Target hit,Target hit,Exit,-7.4
2021-07-01,13.11,1,Short,09:30:00,09:30:00,09:30:00,09:30:00,15717.95,15650.0,15700,15700,15800,2021-07-01 00:00:00,0,Thursday,11.6,28.25,37.35,8.1,0,56.5,74.7,0,5.65,7.470000000000001,,,,,183.6
2021-07-01,,0,Long,2021-07-01 15:00:00,2021-07-01 15:00:00,2021-07-01 14:41:00,2021-07-01 14:41:00,,15650.0,15700,15700,15800,2021-07-01 00:00:00,0,Thursday,"[1.0, 1.0]","[18.35, 18.35]","[7.35, 7.35]","[0.45, 0.45]",0,,,0,,,Exit,Universal exit,Target hit,Exit,-97.0
2021-07-02,12.84,1,Short,09:30:00,09:30:00,09:30:00,09:30:00,15674.85,15050.0,15350,15950,16150,2021-07-08 00:00:00,6,Friday,3.9,12.0,12.4,4.2,0,24.0,24.8,0,2.4000000000000004,2.4800000000000004,,,,,65.19999999999999
2021-07-02,,0,Long,2021-07-06 15:26:00,2021-07-06 15:26:00,2021-07-06 11:23:00,2021-07-06 11:23:00,,15050.0,15350,15950,16150,2021-07-08 00:00:00,6,Friday,"[0.9, 0.9]","[2.4, 2.4]","[26.25, 0.2]","[3.4, 0.15]",0,,,0,,,Exit,Target hit,SL hit,Exit,-29.000000000000004
2021-07-05,12.56,1,Short,09:30:00,09:30:00,09:30:00,09:30:00,15805.5,15400.0,15600,16000,16150,2021-07-08 00:00:00,3,Monday,4.4,13.25,10.0,3.15,0,26.5,20.0,0,2.6500000000000004,2.0,,,,,62.8
2021-07-05,,0,Long,2021-07-08 09:16:00,2021-07-08 09:16:00,2021-07-06 12:06:00,2021-07-06 12:06:00,,15400.0,15600,16000,16150,2021-07-08 00:00:00,3,Monday,"[1.2, 1.2]","[2.05, 2.05]","[20.0, 0.2]","[3.85, 0.15]",0,,,0,,,Exit,Target hit,SL hit,Exit,-19.700000000000003
2021-07-06,12.09,1,Short,09:30:00,09:30:00,09:30:00,09:30:00,15849.7,15500.0,15700,16000,16100,2021-07-08 00:00:00,2,Tuesday,5.1,16.65,9.1,3.25,0,33.3,18.2,0,3.33,1.82,,,,,69.6
2021-07-06,,0,Long,2021-07-08 09:23:00,2021-07-08 09:23:00,2021-07-06 12:06:00,2021-07-06 12:06:00,,15500.0,15700,16000,16100,2021-07-08 00:00:00,2,Tuesday,"[1.25, 1.25]","[3.25, 3.25]","[20.0, 0.2]","[6.2, 0.2]",0,,,0,,,Exit,Target hit,SL hit,Exit,-21.8
2021-07-07,12.4,1,Short,09:30:00,09:30:00,09:30:00,09:30:00,15841.2,15600.0,15750,15950,16050,2021-07-08 00:00:00,1,Wednesday,6.5,22.7,9.9,3.35,0,45.4,19.8,0,4.54,1.98,,,,,91.0
2021-07-07,,0,Long,2021-07-08 09:39:00,2021-07-08 09:39:00,2021-07-08 12:12:00,2021-07-08 12:12:00,,15600.0,15750,15950,16050,2021-07-08 00:00:00,1,Wednesday,"[1.75, 1.75]","[4.5, 4.5]","[1.95, 1.95]","[1.35, 1.35]",0,,,0,,,Exit,Target hit,Target hit,Exit,-13.4
2021-07-08,12.44,1,Short,09:30:00,09:30:00,09:30:00,09:30:00,15876.65,15800.0,15900,15900,15950,2021-07-08 00:00:00,0,Thursday,11.3,46.25,18.15,5.35,0,92.5,36.3,0,9.25,3.63,,,,,191.00000000000003
2021-07-08,,0,Long,2021-07-08 11:56:00,2021-07-08 11:56:00,2021-07-08 12:09:00,2021-07-08 12:09:00,,15800.0,15900,15900,15950,2021-07-08 00:00:00,0,Thursday,"[20.1, 87.6]","[92.8, 187.2]","[3.6, 3.6]","[2.1, 2.1]",0,,,0,,,Exit,SL hit,Target hit,Exit,-377.5
2021-07-09,13.74,1,Short,09:30:00,09:30:00,09:30:00,09:30:00,15655.0,14950.0,15300,16000,16250,2021-07-15 00:00:00,6,Friday,6.4,19.55,11.9,3.65,0,39.1,23.8,0,3.91,2.3800000000000003,,,,,85.60000000000001
2021-07-09,,0,Long,2021-07-12 13:05:00,2021-07-12 13:05:00,2021-07-14 09:48:00,2021-07-14 09:48:00,,14950.0,15300,16000,16250,2021-07-15 00:00:00,6,Friday,"[2.05, 2.05]","[3.9, 3.9]","[2.35, 2.35]","[1.3, 1.3]",0,,,0,,,Exit,Target hit,Target hit,Exit,-11.6
2021-07-12,12.89,1,Short,09:30:00,09:30:00,09:30:00,09:30:00,15772.15,15250.0,15550,15950,16100,2021-07-15 00:00:00,3,Monday,4.1,12.8,17.05,5.45,0,25.6,34.1,0,2.5600000000000005,3.41,,,,,81.2
2021-07-12,,0,Long,2021-07-12 13:14:00,2021-07-12 13:14:00,2021-07-15 14:48:00,2021-07-15 14:48:00,,15250.0,15550,15950,16100,2021-07-15 00:00:00,3,Monday,"[4.0, 0.15]","[27.3, 0.25]","[2.75, 2.75]","[0.2, 0.2]",0,,,0,,,Exit,SL hit,Target hit,Exit,-33.8
2021-07-13,12.65,1,Short,09:30:00,09:30:00,09:30:00,09:30:00,15764.1,15300.0,15550,15950,16150,2021-07-15 00:00:00,2,Tuesday,3.1,9.6,8.85,2.95,0,19.2,17.7,0,1.92,1.77,,,,,49.6
2021-07-13,,0,Long,2021-07-15 09:16:00,2021-07-15 09:16:00,2021-07-15 10:59:00,2021-07-15 10:59:00,,15300.0,15550,15950,16150,2021-07-15 00:00:00,2,Tuesday,"[0.7, 0.7]","[1.55, 1.55]","[18.9, 0.7]","[1.15, 0.1]",0,,,0,,,Exit,Target hit,SL hit,Exit,-22.950000000000003
2021-07-14,12.74,1,Short,09:30:00,09:30:00,09:30:00,09:30:00,15790.8,15500.0,15650,15950,16300,2021-07-15 00:00:00,1,Wednesday,5.1,14.25,3.9,1.25,0,28.5,7.8,0,2.85,0.78,,,,,47.2
2021-07-14,,0,Long,2021-07-15 09:15:00,2021-07-15 09:15:00,2021-07-14 12:40:00,2021-07-14 12:40:00,,15500.0,15650,15950,16300,2021-07-15 00:00:00,1,Wednesday,"[1.4, 1.4]","[2.6, 2.6]","[7.8, 0.7]","[0.85, 0.1]",0,,,0,,,Exit,Target hit,SL hit,Exit,-13.549999999999995
2021-07-15,12.65,1,Short,09:30:00,09:30:00,09:30:00,09:30:00,15886.5,15800.0,15900,15900,15950,2021-07-15 00:00:00,0,Thursday,9.6,38.2,21.5,5.8,0,76.4,43.0,0,7.640000000000001,4.3,,,,,177.20000000000002
2021-07-15,,0,Long,2021-07-15 13:46:00,2021-07-15 13:46:00,2021-07-15 10:56:00,2021-07-15 10:56:00,,15800.0,15900,15900,15950,2021-07-15 00:00:00,0,Thursday,"[1.45, 1.45]","[7.6, 7.6]","[43.55, 22.85]","[16.3, 0.7]",0,,,0,,,Exit,Target hit,SL hit,Exit,-118.3
2021-07-16,12.2,1,Short,09:30:00,09:30:00,09:30:00,09:30:00,15957.8,15300.0,15650,16250,16500,2021-07-22 00:00:00,6,Friday,4.3,13.1,7.5,2.45,0,26.2,15.0,0,2.62,1.5,,,,,55.400000000000006
2021-07-16,,0,Long,2021-07-19 09:15:00,2021-07-19 09:15:00,2021-07-22 09:16:00,2021-07-22 09:16:00,,15300.0,15650,16250,16500,2021-07-22 00:00:00,6,Friday,"[6.5, 0.1]","[42.75, 0.2]","[1.35, 1.35]","[1.1, 1.1]",0,,,0,,,Exit,SL hit,Target hit,Exit,-37.55
2021-07-19,12.42,1,Short,09:30:00,09:30:00,09:30:00,09:30:00,15826.5,15450.0,15650,16050,16250,2021-07-22 00:00:00,3,Monday,7.35,21.45,10.4,3.1,0,42.9,20.8,0,4.29,2.08,,,,,85.60000000000001
2021-07-19,,0,Long,2021-07-19 13:07:00,2021-07-19 13:07:00,2021-07-22 09:16:00,2021-07-22 09:16:00,,15450.0,15650,16050,16250,2021-07-22 00:00:00,3,Monday,"[13.2, 0.2]","[47.6, 0.2]","[2.05, 2.05]","[1.35, 1.35]",0,,,0,,,Exit,SL hit,Target hit,Exit,-37.2
2021-07-20,13.0,1,Short,09:30:00,09:30:00,09:30:00,09:30:00,15692.25,15300.0,15500,15900,16250,2021-07-22 00:00:00,2,Tuesday,3.95,11.75,9.1,2.95,0,23.5,18.2,0,2.35,1.82,,,,,55.8
2021-07-20,,0,Long,2021-07-20 10:41:00,2021-07-20 10:41:00,2021-07-22 09:47:00,2021-07-22 09:47:00,,15300.0,15500,15900,16250,2021-07-22 00:00:00,2,Tuesday,"[7.35, 0.1]","[24.4, 0.2]","[1.7, 1.7]","[0.9, 0.9]",0,,,0,,,Exit,SL hit,Target hit,Exit,-20.55
2021-07-22,12.45,1,Short,09:30:00,09:30:00,09:30:00,09:30:00,15757.4,15700.0,15750,15750,15800,2021-07-22 00:00:00,0,Thursday,11.5,29.4,29.35,11.85,0,58.8,58.7,0,5.88,5.870000000000001,,,,,141.6
2021-07-22,,0,Long,2021-07-22 12:09:00,2021-07-22 12:09:00,2021-07-22 10:42:00,2021-07-22 10:42:00,,15700.0,15750,15750,15800,2021-07-22 00:00:00,0,Thursday,"[2.95, 2.95]","[5.7, 5.7]","[58.85, 38.1]","[24.05, 2.5]",0,,,0,,,Exit,Target hit,SL hit,Exit,-152.6
2021-07-23,11.74,1,Short,09:30:00,09:30:00,09:30:00,09:30:00,15852.4,15250.0,15550,16150,16550,2021-07-29 00:00:00,6,Friday,4.2,12.95,6.5,2.05,0,25.9,13.0,0,2.59,1.3,,,,,52.8
2021-07-23,,0,Long,2021-07-28 09:43:00,2021-07-28 09:43:00,2021-07-28 13:48:00,2021-07-28 13:48:00,,15250.0,15550,16150,16550,2021-07-29 00:00:00,6,Friday,"[2.05, 0.1]","[30.45, 0.2]","[1.3, 1.3]","[0.8, 0.8]",0,,,0,,,Exit,SL hit,Target hit,Exit,-30.7
2021-07-26,12.41,1,Short,09:30:00,09:30:00,09:30:00,09:30:00,15866.85,15450.0,15650,16050,16150,2021-07-29 00:00:00,3,Monday,7.25,23.1,13.1,4.9,0,46.2,26.2,0,4.62,2.62,,,,,96.20000000000002
2021-07-26,,0,Long,2021-07-27 13:13:00,2021-07-27 13:13:00,2021-07-28 12:39:00,2021-07-28 12:39:00,,15450.0,15650,16050,16150,2021-07-29 00:00:00,3,Monday,"[9.2, 0.2]","[47.1, 0.2]","[2.6, 2.6]","[2.1, 2.1]",0,,,0,,,Exit,SL hit,Target hit,Exit,-39.9
2021-07-27,12.43,1,Short,09:30:00,09:30:00,09:30:00,09:30:00,15868.4,15550.0,15700,16000,16100,2021-07-29 00:00:00,2,Tuesday,5.65,16.55,14.25,3.85,0,33.1,28.5,0,3.3100000000000005,2.85,,,,,85.2
2021-07-27,,0,Long,2021-07-27 12:32:00,2021-07-27 12:32:00,2021-07-28 13:09:00,2021-07-28 13:09:00,,15550.0,15700,16000,16100,2021-07-29 00:00:00,2,Tuesday,"[10.55, 0.2]","[33.1, 0.25]","[2.85, 2.85]","[1.9, 1.9]",0,,,0,,,Exit,SL hit,Target hit,Exit,-26.5
2021-07-28,13.68,1,Short,09:30:00,09:30:00,09:30:00,09:30:00,15686.25,15400.0,15550,15850,16000,2021-07-29 00:00:00,1,Wednesday,5.5,18.75,11.1,3.95,0,37.5,22.2,0,3.75,2.22,,,,,81.60000000000001
2021-07-28,,0,Long,2021-07-28 10:28:00,2021-07-28 10:28:00,2021-07-29 12:25:00,2021-07-29 12:25:00,,15400.0,15550,15850,16000,2021-07-29 00:00:00,1,Wednesday,"[9.05, 0.2]","[38.6, 0.2]","[2.15, 2.15]","[0.55, 0.55]",0,,,0,,,Exit,SL hit,Target hit,Exit,-35.95
2021-07-29,13.17,1,Short,09:30:00,09:30:00,09:30:00,09:30:00,15748.85,15650.0,15750,15750,15800,2021-07-29 00:00:00,0,Thursday,8.75,37.7,30.55,13.1,0,75.4,61.1,0,7.540000000000001,6.11,,,,,185.6
2021-07-29,,0,Long,2021-07-29 13:05:00,2021-07-29 13:05:00,2021-07-29 13:00:00,2021-07-29 13:00:00,,15650.0,15750,15750,15800,2021-07-29 00:00:00,0,Thursday,"[1.65, 1.65]","[7.4, 7.4]","[61.5, 40.5]","[23.75, 6.7]",0,,,0,,,Exit,Target hit,SL hit,Exit,-162.15000000000003
2021-07-30,13.12,1,Short,09:30:00,09:30:00,09:30:00,09:30:00,15782.2,15250.0,15500,16100,16600,2021-08-05 00:00:00,6,Friday,7.8,21.95,5.5,1.8,0,43.9,11.0,0,4.39,1.1,,,,,71.4
2021-07-30,,0,Long,2021-08-04 09:16:00,2021-08-04 09:16:00,2021-08-03 09:59:00,2021-08-03 09:59:00,,15250.0,15500,16100,16600,2021-08-05 00:00:00,6,Friday,"[2.85, 2.85]","[4.0, 4.0]","[11.55, 218.2]","[1.15, 0.1]",0,,,0,,,Exit,Target hit,SL hit,Exit,-669.2999999999998
2021-08-02,12.97,1,Short,09:30:00,09:30:00,09:30:00,09:30:00,15865.0,15450.0,15650,16050,16200,2021-08-05 00:00:00,3,Monday,6.05,17.7,8.7,2.9,0,35.4,17.4,0,3.54,1.74,,,,,69.8
2021-08-02,,0,Long,2021-08-04 12:18:00,2021-08-04 12:18:00,2021-08-03 09:57:00,2021-08-03 09:57:00,,15450.0,15650,16050,16200,2021-08-05 00:00:00,3,Monday,"[2.7, 2.7]","[3.5, 3.5]","[17.8, 267.5]","[3.0, 117.1]",0,,,0,,,Exit,Target hit,SL hit,Exit,-469.2
2021-08-03,13.07,1,Short,09:30:00,09:30:00,09:30:00,09:30:00,15932.6,15600.0,15750,16150,16400,2021-08-05 00:00:00,2,Tuesday,7.7,20.95,4.4,1.6,0,41.9,8.8,0,4.19,0.8800000000000001,,,,,64.2
2021-08-03,,0,Long,2021-08-04 12:14:00,2021-08-04 12:14:00,2021-08-03 11:40:00,2021-08-03 11:40:00,,15600.0,15750,16150,16400,2021-08-05 00:00:00,2,Tuesday,"[3.3, 3.3]","[4.1, 4.1]","[8.85, 168.0]","[2.0, 0.1]",0,,,0,,,Exit,Target hit,SL hit,Exit,-513.75
2021-08-04,13.67,1,Short,09:30:00,09:30:00,09:30:00,09:30:00,16243.2,15800.0,16100,16400,16550,2021-08-05 00:00:00,1,Wednesday,7.25,22.55,16.1,5.45,0,45.1,32.2,0,4.510000000000001,3.2200000000000006,,,,,103.80000000000004
2021-08-04,,0,Long,2021-08-05 09:16:00,2021-08-05 09:16:00,2021-08-04 15:26:00,2021-08-04 15:26:00,,15800.0,16100,16400,16550,2021-08-05 00:00:00,1,Wednesday,"[1.85, 1.85]","[4.45, 4.45]","[3.15, 3.15]","[1.0, 1.0]",0,,,0,,,Exit,Target hit,Target hit,Exit,-19.0
2021-08-05,13.06,1,Short,09:30:00,09:30:00,09:30:00,09:30:00,16231.55,16150.0,16250,16250,16300,2021-08-05 00:00:00,0,Thursday,13.5,48.35,22.9,8.7,0,96.7,45.8,0,9.670000000000002,4.58,,,,,196.2
2021-08-05,,0,Long,2021-08-05 12:47:00,2021-08-05 12:47:00,2021-08-05 12:47:00,2021-08-05 12:47:00,,16150.0,16250,16250,16300,2021-08-05 00:00:00,0,Thursday,"[3.0, 3.0]","[8.8, 8.8]","[61.55, 67.85]","[24.95, 20.15]",0,,,0,,,Exit,Target hit,SL hit,Exit,-202.9
2021-08-06,13.0,1,Short,09:30:00,09:30:00,09:30:00,09:30:00,16315.9,15650.0,16000,16600,16800,2021-08-12 00:00:00,6,Friday,8.55,26.75,12.8,3.75,0,53.5,25.6,0,5.3500000000000005,2.5600000000000005,,,,,109.0
2021-08-06,,0,Long,2021-08-10 15:01:00,2021-08-10 15:01:00,2021-08-10 13:55:00,2021-08-10 13:55:00,,15650.0,16000,16600,16800,2021-08-12 00:00:00,6,Friday,"[1.95, 1.95]","[5.25, 5.25]","[2.55, 2.55]","[1.15, 1.15]",0,,,0,,,Exit,Target hit,Target hit,Exit,-18.8
2021-08-09,12.77,1,Short,09:30:00,09:30:00,09:30:00,09:30:00,16287.6,15800.0,16050,16550,16750,2021-08-12 00:00:00,3,Monday,6.05,17.95,8.3,2.55,0,35.9,16.6,0,3.59,1.66,,,,,70.6
2021-08-09,,0,Long,2021-08-11 15:24:00,2021-08-11 15:24:00,2021-08-11 14:38:00,2021-08-11 14:38:00,,15800.0,16050,16550,16750,2021-08-12 00:00:00,3,Monday,"[1.4, 1.4]","[3.5, 3.5]","[1.65, 1.65]","[1.15, 1.15]",0,,,0,,,Exit,Target hit,Target hit,Exit,-10.400000000000002
2021-08-10,12.56,1,Short,09:30:00,09:30:00,09:30:00,09:30:00,16319.3,15850.0,16100,16500,16650,2021-08-12 00:00:00,2,Tuesday,4.9,15.2,8.7,2.7,0,30.4,17.4,0,3.04,1.74,,,,,65.19999999999999
2021-08-10,,0,Long,2021-08-11 11:16:00,2021-08-11 11:16:00,2021-08-11 14:52:00,2021-08-11 14:52:00,,15850.0,16100,16500,16650,2021-08-12 00:00:00,2,Tuesday,"[6.45, 0.25]","[31.9, 0.3]","[1.7, 1.7]","[1.1, 1.1]",0,,,0,,,Exit,SL hit,Target hit,Exit,-27.999999999999996
2021-08-11,12.77,1,Short,09:30:00,09:30:00,09:30:00,09:30:00,16315.5,15950.0,16150,16450,16550,2021-08-12 00:00:00,1,Wednesday,3.85,11.5,10.9,3.65,0,23.0,21.8,0,2.3000000000000003,2.18,,,,,59.6
2021-08-11,,0,Long,2021-08-11 09:41:00,2021-08-11 09:41:00,2021-08-11 14:53:00,2021-08-11 14:53:00,,15950.0,16150,16450,16550,2021-08-12 00:00:00,1,Wednesday,"[5.65, 0.2]","[23.2, 0.35]","[2.1, 2.1]","[1.4, 1.4]",0,,,0,,,Exit,SL hit,Target hit,Exit,-20.8
2021-08-12,12.68,1,Short,09:30:00,09:30:00,09:30:00,09:30:00,16301.6,16200.0,16300,16300,16350,2021-08-12 00:00:00,0,Thursday,8.1,34.35,29.95,11.35,0,68.7,59.9,0,6.870000000000001,5.99,,,,,179.39999999999998
2021-08-12,,0,Long,2021-08-12 13:25:00,2021-08-12 13:25:00,2021-08-12 13:26:00,2021-08-12 13:26:00,,16200.0,16300,16300,16350,2021-08-12 00:00:00,0,Thursday,"[2.7, 2.7]","[6.85, 6.85]","[62.9, 58.4]","[23.25, 12.9]",0,,,0,,,Exit,Target hit,SL hit,Exit,-192.75
2021-08-13,12.49,1,Short,09:30:00,09:30:00,09:30:00,09:30:00,16439.05,15850.0,16150,16750,17100,2021-08-18 00:00:00,5,Friday,6.1,19.25,4.15,1.35,0,38.5,8.3,0,3.85,0.8300000000000001,,,,,63.8
2021-08-13,,0,Long,2021-08-17 12:19:00,2021-08-17 12:19:00,2021-08-13 11:49:00,2021-08-13 11:49:00,,15850.0,16150,16750,17100,2021-08-18 00:00:00,5,Friday,"[2.0, 2.0]","[3.85, 3.85]","[8.35, 0.4]","[1.7, 0.2]",0,,,0,,,Exit,Target hit,SL hit,Exit,-14.650000000000002
2021-08-16,13.56,1,Short,09:30:00,09:30:00,09:30:00,09:30:00,16538.1,16100.0,16350,16750,16950,2021-08-18 00:00:00,2,Monday,10.9,31.35,10.05,3.3,0,62.7,20.1,0,6.2700000000000005,2.01,,,,,108.80000000000004
2021-08-16,,0,Long,2021-08-17 15:01:00,2021-08-17 15:01:00,2021-08-17 14:44:00,2021-08-17 14:44:00,,16100.0,16350,16750,16950,2021-08-18 00:00:00,2,Monday,"[2.55, 2.55]","[5.9, 5.9]","[2.0, 2.0]","[1.1, 1.1]",0,,,0,,,Exit,Target hit,Target hit,Exit,-17.0
2021-08-17,13.39,1,Short,09:30:00,09:30:00,09:30:00,09:30:00,16577.6,16250.0,16450,16750,17000,2021-08-18 00:00:00,1,Tuesday,8.65,27.5,5.85,1.9,0,55.0,11.7,0,5.5,1.17,,,,,91.2
2021-08-17,,0,Long,2021-08-18 09:16:00,2021-08-18 09:16:00,2021-08-18 13:37:00,2021-08-18 13:37:00,,16250.0,16450,16750,17000,2021-08-18 00:00:00,1,Tuesday,"[2.2, 2.2]","[3.65, 3.65]","[1.1, 1.1]","[0.7, 0.7]",0,,,0,,,Exit,Target hit,Target hit,Exit,-7.399999999999999
2021-08-18,13.19,1,Short,09:30:00,09:30:00,09:30:00,09:30:00,16688.1,16600.0,16700,16700,16750,2021-08-18 00:00:00,0,Wednesday,9.95,42.6,22.2,7.5,0,85.2,44.4,0,8.520000000000001,4.44,,,,,189.4
2021-08-18,,0,Long,2021-08-18 12:49:00,2021-08-18 12:49:00,2021-08-18 12:40:00,2021-08-18 12:40:00,,16600.0,16700,16700,16750,2021-08-18 00:00:00,0,Wednesday,"[19.2, 29.75]","[91.05, 127.45]","[4.35, 4.35]","[1.8, 1.8]",0,,,0,,,Exit,SL hit,Target hit,Exit,-375.15
2021-08-20,13.76,1,Short,09:30:00,09:30:00,09:30:00,09:30:00,16462.9,15800.0,16100,16800,17050,2021-08-26 00:00:00,6,Friday,9.25,26.8,10.1,3.3,0,53.6,20.2,0,5.36,2.02,,,,,97.4
2021-08-20,,0,Long,2021-08-24 09:15:00,2021-08-24 09:15:00,2021-08-26 09:15:00,2021-08-26 09:15:00,,15800.0,16100,16800,17050,2021-08-26 00:00:00,6,Friday,"[2.55, 2.55]","[4.95, 4.95]","[1.4, 1.4]","[0.5, 0.5]",0,,,0,,,Exit,Target hit,Target hit,Exit,-13.200000000000005
2021-08-23,13.57,1,Short,09:30:00,09:30:00,09:30:00,09:30:00,16549.75,16000.0,16300,16800,16950,2021-08-26 00:00:00,3,Monday,6.75,21.4,10.05,3.3,0,42.8,20.1,0,4.28,2.01,,,,,85.6
2021-08-23,,0,Long,2021-08-23 10:35:00,2021-08-23 10:35:00,2021-08-26 09:15:00,2021-08-26 09:15:00,,16000.0,16300,16800,16950,2021-08-26 00:00:00,3,Monday,"[10.0, 0.1]","[49.4, 0.1]","[1.4, 1.4]","[1.0, 1.0]",0,,,0,,,Exit,SL hit,Target hit,Exit,-41.0
2021-08-24,13.61,1,Short,09:30:00,09:30:00,09:30:00,09:30:00,16543.1,16150.0,16350,16750,16900,2021-08-26 00:00:00,2,Tuesday,6.5,21.0,7.8,2.6,0,42.0,15.6,0,4.2,1.56,,,,,78.80000000000001
2021-08-24,,0,Long,2021-08-25 13:16:00,2021-08-25 13:16:00,2021-08-25 09:22:00,2021-08-25 09:22:00,,16150.0,16350,16750,16900,2021-08-26 00:00:00,2,Tuesday,"[2.45, 2.45]","[4.2, 4.2]","[16.0, 0.15]","[2.2, 0.15]",0,,,0,,,Exit,Target hit,SL hit,Exit,-20.8
2021-08-25,13.25,1,Short,09:30:00,09:30:00,09:30:00,09:30:00,16689.45,16350.0,16550,16850,17100,2021-08-26 00:00:00,1,Wednesday,6.3,18.8,4.35,1.45,0,37.6,8.7,0,3.76,0.87,,,,,61.6
2021-08-25,,0,Long,2021-08-26 11:35:00,2021-08-26 11:35:00,2021-08-26 10:46:00,2021-08-26 10:46:00,,16350.0,16550,16850,17100,2021-08-26 00:00:00,1,Wednesday,"[1.05, 1.05]","[3.65, 3.65]","[0.85, 0.85]","[0.5, 0.5]",0,,,0,,,Exit,Target hit,Target hit,Exit,-11.8
2021-08-26,13.67,1,Short,09:30:00,09:30:00,09:30:00,09:30:00,16654.6,16550.0,16650,16650,16700,2021-08-26 00:00:00,0,Thursday,8.6,37.05,32.35,13.75,0,74.1,64.7,0,7.41,6.470000000000001,,,,,188.2
2021-08-26,,0,Long,2021-08-26 15:00:00,2021-08-26 15:00:00,2021-08-26 14:28:00,2021-08-26 14:28:00,,16550.0,16650,16650,16700,2021-08-26 00:00:00,0,Thursday,"[0.6, 0.6]","[37.15, 37.15]","[5.4, 5.4]","[0.7, 0.7]",0,,,0,,,Exit,Universal exit,Target hit,Exit,-165.0
2021-08-27,13.48,1,Short,09:30:00,09:30:00,09:30:00,09:30:00,16584.75,16000.0,16250,16950,17250,2021-09-02 00:00:00,6,Friday,5.8,17.4,7.35,2.45,0,34.8,14.7,0,3.48,1.47,,,,,66.0
2021-08-27,,0,Long,2021-08-31 11:43:00,2021-08-31 11:43:00,2021-08-30 09:15:00,2021-08-30 09:15:00,,16000.0,16250,16950,17250,2021-09-02 00:00:00,6,Friday,"[2.45, 2.45]","[3.3, 3.3]","[26.0, 286.4]","[1.9, 3.4]",0,,,0,,,Exit,Target hit,SL hit,Exit,-876.4999999999999
2021-08-30,13.45,1,Short,09:30:00,09:30:00,09:30:00,09:30:00,16817.3,16300.0,16550,17050,17150,2021-09-02 00:00:00,3,Monday,6.8,20.25,8.6,3.25,0,40.5,17.2,0,4.05,1.72,,,,,75.2
2021-08-30,,0,Long,2021-09-01 09:15:00,2021-09-01 09:15:00,2021-08-30 10:34:00,2021-08-30 10:34:00,,16300.0,16550,17050,17150,2021-09-02 00:00:00,3,Monday,"[3.35, 3.35]","[3.8, 3.8]","[17.35, 186.8]","[7.4, 86.3]",0,,,0,,,Exit,Target hit,SL hit,Exit,-313.25000000000006
2021-08-31,13.61,1,Short,09:30:00,09:30:00,09:30:00,09:30:00,16972.7,16450.0,16750,17150,17300,2021-09-02 00:00:00,2,Tuesday,5.9,19.35,15.9,4.65,0,38.7,31.8,0,3.870000000000001,3.18,,,,,98.8
2021-08-31,,0,Long,2021-09-01 12:58:00,2021-09-01 12:58:00,2021-08-31 15:01:00,2021-08-31 15:01:00,,16450.0,16750,17150,17300,2021-09-02 00:00:00,2,Tuesday,"[2.0, 2.0]","[3.85, 3.85]","[34.8, 86.3]","[6.9, 0.55]",0,,,0,,,Exit,Target hit,SL hit,Exit,-292.55
