Date,Daily PnL,SL,Initial Target,Final Target,File Path,File Name
2021-06-10,2476.54125,-4001.25,8929.69,11906.25,"NIFTY_candle_5T_range_[50, 75]_delta_0,5_time_10,15.csv",initial_sl_-4001_initial_target_10417_final_target_11906.csv
2021-06-17,723.0675,-4001.25,8929.69,11906.25,"NIFTY_candle_5T_range_[50, 75]_delta_0,5_time_10,15.csv",initial_sl_-4001_initial_target_10417_final_target_11906.csv
2021-06-24,2106.405,-4001.25,8929.69,11906.25,"NIFTY_candle_5T_range_[50, 75]_delta_0,5_time_10,15.csv",initial_sl_-4001_initial_target_10417_final_target_11906.csv
2021-07-01,3650.50875,-4001.25,8929.69,11906.25,"NIFTY_candle_5T_range_[50, 75]_delta_0,5_time_10,15.csv",initial_sl_-4001_initial_target_10417_final_target_11906.csv
2021-07-08,-4019.265,-4001.25,8929.69,11906.25,"NIFTY_candle_5T_range_[50, 75]_delta_0,5_time_10,15.csv",initial_sl_-4001_initial_target_10417_final_target_11906.csv
2021-07-15,1650.2775,-4001.25,8929.69,11906.25,"NIFTY_candle_5T_range_[50, 75]_delta_0,5_time_10,15.csv",initial_sl_-4001_initial_target_10417_final_target_11906.csv
2021-07-22,2326.99125,-4001.25,8929.69,11906.25,"NIFTY_candle_5T_range_[50, 75]_delta_0,5_time_10,15.csv",initial_sl_-4001_initial_target_10417_final_target_11906.csv
2021-07-29,3052.30875,-4001.25,8929.69,11906.25,"NIFTY_candle_5T_range_[50, 75]_delta_0,5_time_10,15.csv",initial_sl_-4001_initial_target_10417_final_target_11906.csv
2021-08-05,3657.98625,-4001.25,8929.69,11906.25,"NIFTY_candle_5T_range_[50, 75]_delta_0,5_time_10,15.csv",initial_sl_-4001_initial_target_10417_final_target_11906.csv
2021-08-12,3512.175,-4001.25,8929.69,11906.25,"NIFTY_candle_5T_range_[50, 75]_delta_0,5_time_10,15.csv",initial_sl_-4001_initial_target_10417_final_target_11906.csv
2021-08-18,-4098.25125,-4001.25,8929.69,11906.25,"NIFTY_candle_5T_range_[50, 75]_delta_0,5_time_10,15.csv",initial_sl_-4001_initial_target_10417_final_target_11906.csv
2021-08-26,4988.98125,-4001.25,8929.69,11906.25,"NIFTY_candle_5T_range_[50, 75]_delta_0,5_time_10,15.csv",initial_sl_-4001_initial_target_10417_final_target_11906.csv
2021-09-02,517.43625,-4001.25,8929.69,11906.25,"NIFTY_candle_5T_range_[50, 75]_delta_0,5_time_10,15.csv",initial_sl_-4001_initial_target_10417_final_target_11906.csv
2021-09-09,4450.60125,-4001.25,8929.69,11906.25,"NIFTY_candle_5T_range_[50, 75]_delta_0,5_time_10,15.csv",initial_sl_-4001_initial_target_10417_final_target_11906.csv
2021-09-16,-528.825,-4001.25,8929.69,11906.25,"NIFTY_candle_5T_range_[50, 75]_delta_0,5_time_10,15.csv",initial_sl_-4001_initial_target_10417_final_target_11906.csv
2021-09-23,1209.105,-4001.25,8929.69,11906.25,"NIFTY_candle_5T_range_[50, 75]_delta_0,5_time_10,15.csv",initial_sl_-4001_initial_target_10417_final_target_11906.csv
2021-09-30,764.19375,-4001.25,8929.69,11906.25,"NIFTY_candle_5T_range_[50, 75]_delta_0,5_time_10,15.csv",initial_sl_-4001_initial_target_10417_final_target_11906.csv
2021-10-07,5538.5775,-4001.25,8929.69,11906.25,"NIFTY_candle_5T_range_[50, 75]_delta_0,5_time_10,15.csv",initial_sl_-4001_initial_target_10417_final_target_11906.csv
2021-10-14,3960.825,-4001.25,8929.69,11906.25,"NIFTY_candle_5T_range_[50, 75]_delta_0,5_time_10,15.csv",initial_sl_-4001_initial_target_10417_final_target_11906.csv
2021-10-21,-4124.58,-4001.25,8929.69,11906.25,"NIFTY_candle_5T_range_[50, 75]_delta_0,5_time_10,15.csv",initial_sl_-4001_initial_target_10417_final_target_11906.csv
2021-10-28,-4132.1025,-4001.25,8929.69,11906.25,"NIFTY_candle_5T_range_[50, 75]_delta_0,5_time_10,15.csv",initial_sl_-4001_initial_target_10417_final_target_11906.csv
2021-11-03,-4342.7325,-4001.25,8929.69,11906.25,"NIFTY_candle_5T_range_[50, 75]_delta_0,5_time_10,15.csv",initial_sl_-4001_initial_target_10417_final_target_11906.csv
2021-11-11,1381.0875,-4001.25,8929.69,11906.25,"NIFTY_candle_5T_range_[50, 75]_delta_0,5_time_10,15.csv",initial_sl_-4001_initial_target_10417_final_target_11906.csv
2021-11-18,5093.66625,-4001.25,8929.69,11906.25,"NIFTY_candle_5T_range_[50, 75]_delta_0,5_time_10,15.csv",initial_sl_-4001_initial_target_10417_final_target_11906.csv
2021-11-25,-4023.02625,-4001.25,8929.69,11906.25,"NIFTY_candle_5T_range_[50, 75]_delta_0,5_time_10,15.csv",initial_sl_-4001_initial_target_10417_final_target_11906.csv
2021-12-02,3343.93125,-4001.25,8929.69,11906.25,"NIFTY_candle_5T_range_[50, 75]_delta_0,5_time_10,15.csv",initial_sl_-4001_initial_target_10417_final_target_11906.csv
2021-12-09,2936.4075,-4001.25,8929.69,11906.25,"NIFTY_candle_5T_range_[50, 75]_delta_0,5_time_10,15.csv",initial_sl_-4001_initial_target_10417_final_target_11906.csv
2021-12-16,360.40875,-4001.25,8929.69,11906.25,"NIFTY_candle_5T_range_[50, 75]_delta_0,5_time_10,15.csv",initial_sl_-4001_initial_target_10417_final_target_11906.csv
2021-12-23,1986.765,-4001.25,8929.69,11906.25,"NIFTY_candle_5T_range_[50, 75]_delta_0,5_time_10,15.csv",initial_sl_-4001_initial_target_10417_final_target_11906.csv
2021-12-30,1799.8275,-4001.25,8929.69,11906.25,"NIFTY_candle_5T_range_[50, 75]_delta_0,5_time_10,15.csv",initial_sl_-4001_initial_target_10417_final_target_11906.csv
2022-01-06,3785.10375,-4001.25,8929.69,11906.25,"NIFTY_candle_5T_range_[50, 75]_delta_0,5_time_10,15.csv",initial_sl_-4001_initial_target_10417_final_target_11906.csv
2022-01-13,1758.70125,-4001.25,8929.69,11906.25,"NIFTY_candle_5T_range_[50, 75]_delta_0,5_time_10,15.csv",initial_sl_-4001_initial_target_10417_final_target_11906.csv
2022-01-20,-4417.9575,-4001.25,8929.69,11906.25,"NIFTY_candle_5T_range_[50, 75]_delta_0,5_time_10,15.csv",initial_sl_-4001_initial_target_10417_final_target_11906.csv
2022-01-27,-540.10875,-4001.25,8929.69,11906.25,"NIFTY_candle_5T_range_[50, 75]_delta_0,5_time_10,15.csv",initial_sl_-4001_initial_target_10417_final_target_11906.csv
2022-02-03,-494.97375,-4001.25,8929.69,11906.25,"NIFTY_candle_5T_range_[50, 75]_delta_0,5_time_10,15.csv",initial_sl_-4001_initial_target_10417_final_target_11906.csv
2022-02-10,3381.31875,-4001.25,8929.69,11906.25,"NIFTY_candle_5T_range_[50, 75]_delta_0,5_time_10,15.csv",initial_sl_-4001_initial_target_10417_final_target_11906.csv
2022-02-17,4215.06,-4001.25,8929.69,11906.25,"NIFTY_candle_5T_range_[50, 75]_delta_0,5_time_10,15.csv",initial_sl_-4001_initial_target_10417_final_target_11906.csv
2022-02-24,-4320.165,-4001.25,8929.69,11906.25,"NIFTY_candle_5T_range_[50, 75]_delta_0,5_time_10,15.csv",initial_sl_-4001_initial_target_10417_final_target_11906.csv
2022-03-03,506.22,-4001.25,8929.69,11906.25,"NIFTY_candle_5T_range_[50, 75]_delta_0,5_time_10,15.csv",initial_sl_-4001_initial_target_10417_final_target_11906.csv
2022-03-10,-4162.1925,-4001.25,8929.69,11906.25,"NIFTY_candle_5T_range_[50, 75]_delta_0,5_time_10,15.csv",initial_sl_-4001_initial_target_10417_final_target_11906.csv
2022-03-17,3433.66125,-4001.25,8929.69,11906.25,"NIFTY_candle_5T_range_[50, 75]_delta_0,5_time_10,15.csv",initial_sl_-4001_initial_target_10417_final_target_11906.csv
2022-03-24,7093.8975,-4001.25,8929.69,11906.25,"NIFTY_candle_5T_range_[50, 75]_delta_0,5_time_10,15.csv",initial_sl_-4001_initial_target_10417_final_target_11906.csv
2022-03-31,-389.65875,-4001.25,8929.69,11906.25,"NIFTY_candle_5T_range_[50, 75]_delta_0,5_time_10,15.csv",initial_sl_-4001_initial_target_10417_final_target_11906.csv
2022-04-07,-397.18125,-4001.25,8929.69,11906.25,"NIFTY_candle_5T_range_[50, 75]_delta_0,5_time_10,15.csv",initial_sl_-4001_initial_target_10417_final_target_11906.csv
2022-04-13,1052.0775,-4001.25,8929.69,11906.25,"NIFTY_candle_5T_range_[50, 75]_delta_0,5_time_10,15.csv",initial_sl_-4001_initial_target_10417_final_target_11906.csv
2022-04-21,65.0475,-4001.25,8929.69,11906.25,"NIFTY_candle_5T_range_[50, 75]_delta_0,5_time_10,15.csv",initial_sl_-4001_initial_target_10417_final_target_11906.csv
2022-04-28,1526.89875,-4001.25,8929.69,11906.25,"NIFTY_candle_5T_range_[50, 75]_delta_0,5_time_10,15.csv",initial_sl_-4001_initial_target_10417_final_target_11906.csv
2022-05-05,-4211.08875,-4001.25,8929.69,11906.25,"NIFTY_candle_5T_range_[50, 75]_delta_0,5_time_10,15.csv",initial_sl_-4001_initial_target_10417_final_target_11906.csv
2022-05-12,921.22125,-4001.25,8929.69,11906.25,"NIFTY_candle_5T_range_[50, 75]_delta_0,5_time_10,15.csv",initial_sl_-4001_initial_target_10417_final_target_11906.csv
2022-05-19,-2146.1625,-4001.25,8929.69,11906.25,"NIFTY_candle_5T_range_[50, 75]_delta_0,5_time_10,15.csv",initial_sl_-4001_initial_target_10417_final_target_11906.csv
2022-05-26,-4741.425,-4001.25,8929.69,11906.25,"NIFTY_candle_5T_range_[50, 75]_delta_0,5_time_10,15.csv",initial_sl_-4001_initial_target_10417_final_target_11906.csv
2022-06-02,2454.10875,-4001.25,8929.69,11906.25,"NIFTY_candle_5T_range_[50, 75]_delta_0,5_time_10,15.csv",initial_sl_-4001_initial_target_10417_final_target_11906.csv
2022-06-09,356.67,-4001.25,8929.69,11906.25,"NIFTY_candle_5T_range_[50, 75]_delta_0,5_time_10,15.csv",initial_sl_-4001_initial_target_10417_final_target_11906.csv
2022-06-16,-4023.02625,-4001.25,8929.69,11906.25,"NIFTY_candle_5T_range_[50, 75]_delta_0,5_time_10,15.csv",initial_sl_-4001_initial_target_10417_final_target_11906.csv
2022-06-23,-4068.16125,-4001.25,8929.69,11906.25,"NIFTY_candle_5T_range_[50, 75]_delta_0,5_time_10,15.csv",initial_sl_-4001_initial_target_10417_final_target_11906.csv
2022-06-30,10425.12375,8929.69,10417.97,11906.25,"NIFTY_candle_5T_range_[50, 75]_delta_0,5_time_10,15.csv",initial_sl_-4001_initial_target_10417_final_target_11906.csv
2022-07-07,16.4,8929.69,10417.97,11906.25,"NIFTY_candle_5T_range_[50, 75]_delta_0,5_time_10,15.csv",initial_sl_-4001_initial_target_10417_final_target_11906.csv
2022-07-14,20.15,8929.69,10417.97,11906.25,"NIFTY_candle_5T_range_[50, 75]_delta_0,5_time_10,15.csv",initial_sl_-4001_initial_target_10417_final_target_11906.csv
2022-07-21,42.615,8929.69,10417.97,11906.25,"NIFTY_candle_5T_range_[50, 75]_delta_0,5_time_10,15.csv",initial_sl_-4001_initial_target_10417_final_target_11906.csv
2022-07-28,195.90375,8929.69,10417.97,11906.25,"NIFTY_candle_5T_range_[50, 75]_delta_0,5_time_10,15.csv",initial_sl_-4001_initial_target_10417_final_target_11906.csv
2022-08-04,117.39,8929.69,10417.97,11906.25,"NIFTY_candle_5T_range_[50, 75]_delta_0,5_time_10,15.csv",initial_sl_-4001_initial_target_10417_final_target_11906.csv
2022-08-11,-24.85,8929.69,10417.97,11906.25,"NIFTY_candle_5T_range_[50, 75]_delta_0,5_time_10,15.csv",initial_sl_-4001_initial_target_10417_final_target_11906.csv
2022-08-18,20.15,8929.69,10417.97,11906.25,"NIFTY_candle_5T_range_[50, 75]_delta_0,5_time_10,15.csv",initial_sl_-4001_initial_target_10417_final_target_11906.csv
2022-08-25,-6.05,8929.69,10417.97,11906.25,"NIFTY_candle_5T_range_[50, 75]_delta_0,5_time_10,15.csv",initial_sl_-4001_initial_target_10417_final_target_11906.csv
2022-09-01,-115.0875,8929.69,10417.97,11906.25,"NIFTY_candle_5T_range_[50, 75]_delta_0,5_time_10,15.csv",initial_sl_-4001_initial_target_10417_final_target_11906.csv
2022-09-08,20.15,8929.69,10417.97,11906.25,"NIFTY_candle_5T_range_[50, 75]_delta_0,5_time_10,15.csv",initial_sl_-4001_initial_target_10417_final_target_11906.csv
2022-09-15,274.4175,8929.69,10417.97,11906.25,"NIFTY_candle_5T_range_[50, 75]_delta_0,5_time_10,15.csv",initial_sl_-4001_initial_target_10417_final_target_11906.csv
2022-09-22,53.83125,8929.69,10417.97,11906.25,"NIFTY_candle_5T_range_[50, 75]_delta_0,5_time_10,15.csv",initial_sl_-4001_initial_target_10417_final_target_11906.csv
2022-09-29,-73.71375,8929.69,10417.97,11906.25,"NIFTY_candle_5T_range_[50, 75]_delta_0,5_time_10,15.csv",initial_sl_-4001_initial_target_10417_final_target_11906.csv
2022-10-06,-118.84875,8929.69,10417.97,11906.25,"NIFTY_candle_5T_range_[50, 75]_delta_0,5_time_10,15.csv",initial_sl_-4001_initial_target_10417_final_target_11906.csv
2022-10-13,-284.34375,8929.69,10417.97,11906.25,"NIFTY_candle_5T_range_[50, 75]_delta_0,5_time_10,15.csv",initial_sl_-4001_initial_target_10417_final_target_11906.csv
2022-10-20,143.56125,8929.69,10417.97,11906.25,"NIFTY_candle_5T_range_[50, 75]_delta_0,5_time_10,15.csv",initial_sl_-4001_initial_target_10417_final_target_11906.csv
2022-10-27,-36.10125,8929.69,10417.97,11906.25,"NIFTY_candle_5T_range_[50, 75]_delta_0,5_time_10,15.csv",initial_sl_-4001_initial_target_10417_final_target_11906.csv
2022-11-03,102.435,8929.69,10417.97,11906.25,"NIFTY_candle_5T_range_[50, 75]_delta_0,5_time_10,15.csv",initial_sl_-4001_initial_target_10417_final_target_11906.csv
2022-11-10,35.1375,8929.69,10417.97,11906.25,"NIFTY_candle_5T_range_[50, 75]_delta_0,5_time_10,15.csv",initial_sl_-4001_initial_target_10417_final_target_11906.csv
2022-11-17,27.65,8929.69,10417.97,11906.25,"NIFTY_candle_5T_range_[50, 75]_delta_0,5_time_10,15.csv",initial_sl_-4001_initial_target_10417_final_target_11906.csv
2022-11-24,35.1375,8929.69,10417.97,11906.25,"NIFTY_candle_5T_range_[50, 75]_delta_0,5_time_10,15.csv",initial_sl_-4001_initial_target_10417_final_target_11906.csv
2022-12-01,16.4,8929.69,10417.97,11906.25,"NIFTY_candle_5T_range_[50, 75]_delta_0,5_time_10,15.csv",initial_sl_-4001_initial_target_10417_final_target_11906.csv
2022-12-08,-36.10125,8929.69,10417.97,11906.25,"NIFTY_candle_5T_range_[50, 75]_delta_0,5_time_10,15.csv",initial_sl_-4001_initial_target_10417_final_target_11906.csv
2022-12-15,-17.35,8929.69,10417.97,11906.25,"NIFTY_candle_5T_range_[50, 75]_delta_0,5_time_10,15.csv",initial_sl_-4001_initial_target_10417_final_target_11906.csv
2022-12-22,113.65125,8929.69,10417.97,11906.25,"NIFTY_candle_5T_range_[50, 75]_delta_0,5_time_10,15.csv",initial_sl_-4001_initial_target_10417_final_target_11906.csv
2022-12-29,38.87625,8929.69,10417.97,11906.25,"NIFTY_candle_5T_range_[50, 75]_delta_0,5_time_10,15.csv",initial_sl_-4001_initial_target_10417_final_target_11906.csv
2023-01-05,-73.71375,8929.69,10417.97,11906.25,"NIFTY_candle_5T_range_[50, 75]_delta_0,5_time_10,15.csv",initial_sl_-4001_initial_target_10417_final_target_11906.csv
2023-01-12,-24.85,8929.69,10417.97,11906.25,"NIFTY_candle_5T_range_[50, 75]_delta_0,5_time_10,15.csv",initial_sl_-4001_initial_target_10417_final_target_11906.csv
2023-01-19,-9.8,8929.69,10417.97,11906.25,"NIFTY_candle_5T_range_[50, 75]_delta_0,5_time_10,15.csv",initial_sl_-4001_initial_target_10417_final_target_11906.csv
2023-01-25,80.0025,8929.69,10417.97,11906.25,"NIFTY_candle_5T_range_[50, 75]_delta_0,5_time_10,15.csv",initial_sl_-4001_initial_target_10417_final_target_11906.csv
2023-02-02,113.65125,8929.69,10417.97,11906.25,"NIFTY_candle_5T_range_[50, 75]_delta_0,5_time_10,15.csv",initial_sl_-4001_initial_target_10417_final_target_11906.csv
2023-02-09,-17.35,8929.69,10417.97,11906.25,"NIFTY_candle_5T_range_[50, 75]_delta_0,5_time_10,15.csv",initial_sl_-4001_initial_target_10417_final_target_11906.csv
2023-02-16,-39.8625,8929.69,10417.97,11906.25,"NIFTY_candle_5T_range_[50, 75]_delta_0,5_time_10,15.csv",initial_sl_-4001_initial_target_10417_final_target_11906.csv
2023-02-23,-73.71375,8929.69,10417.97,11906.25,"NIFTY_candle_5T_range_[50, 75]_delta_0,5_time_10,15.csv",initial_sl_-4001_initial_target_10417_final_target_11906.csv
2023-03-02,-32.35,8929.69,10417.97,11906.25,"NIFTY_candle_5T_range_[50, 75]_delta_0,5_time_10,15.csv",initial_sl_-4001_initial_target_10417_final_target_11906.csv
2023-03-09,-111.32625,8929.69,10417.97,11906.25,"NIFTY_candle_5T_range_[50, 75]_delta_0,5_time_10,15.csv",initial_sl_-4001_initial_target_10417_final_target_11906.csv
2023-03-16,31.39875,8929.69,10417.97,11906.25,"NIFTY_candle_5T_range_[50, 75]_delta_0,5_time_10,15.csv",initial_sl_-4001_initial_target_10417_final_target_11906.csv
2023-03-23,12.65,8929.69,10417.97,11906.25,"NIFTY_candle_5T_range_[50, 75]_delta_0,5_time_10,15.csv",initial_sl_-4001_initial_target_10417_final_target_11906.csv
2023-03-29,35.1375,8929.69,10417.97,11906.25,"NIFTY_candle_5T_range_[50, 75]_delta_0,5_time_10,15.csv",initial_sl_-4001_initial_target_10417_final_target_11906.csv
2023-04-06,-6.05,8929.69,10417.97,11906.25,"NIFTY_candle_5T_range_[50, 75]_delta_0,5_time_10,15.csv",initial_sl_-4001_initial_target_10417_final_target_11906.csv
2023-04-13,76.26375,8929.69,10417.97,11906.25,"NIFTY_candle_5T_range_[50, 75]_delta_0,5_time_10,15.csv",initial_sl_-4001_initial_target_10417_final_target_11906.csv
2023-04-20,38.87625,8929.69,10417.97,11906.25,"NIFTY_candle_5T_range_[50, 75]_delta_0,5_time_10,15.csv",initial_sl_-4001_initial_target_10417_final_target_11906.csv
2023-04-27,27.65,8929.69,10417.97,11906.25,"NIFTY_candle_5T_range_[50, 75]_delta_0,5_time_10,15.csv",initial_sl_-4001_initial_target_10417_final_target_11906.csv
2023-05-04,-32.35,8929.69,10417.97,11906.25,"NIFTY_candle_5T_range_[50, 75]_delta_0,5_time_10,15.csv",initial_sl_-4001_initial_target_10417_final_target_11906.csv
2023-05-11,-107.565,8929.69,10417.97,11906.25,"NIFTY_candle_5T_range_[50, 75]_delta_0,5_time_10,15.csv",initial_sl_-4001_initial_target_10417_final_target_11906.csv
2023-05-18,12.65,8929.69,10417.97,11906.25,"NIFTY_candle_5T_range_[50, 75]_delta_0,5_time_10,15.csv",initial_sl_-4001_initial_target_10417_final_target_11906.csv
2023-05-25,23.9,8929.69,10417.97,11906.25,"NIFTY_candle_5T_range_[50, 75]_delta_0,5_time_10,15.csv",initial_sl_-4001_initial_target_10417_final_target_11906.csv
2023-06-08,136.08375,8929.69,10417.97,11906.25,"NIFTY_candle_5T_range_[50, 75]_delta_0,5_time_10,15.csv",initial_sl_-4001_initial_target_10417_final_target_11906.csv
2023-06-15,1.4500000000000002,8929.69,10417.97,11906.25,"NIFTY_candle_5T_range_[50, 75]_delta_0,5_time_10,15.csv",initial_sl_-4001_initial_target_10417_final_target_11906.csv
2023-06-22,57.57,8929.69,10417.97,11906.25,"NIFTY_candle_5T_range_[50, 75]_delta_0,5_time_10,15.csv",initial_sl_-4001_initial_target_10417_final_target_11906.csv
2023-06-28,-32.35,8929.69,10417.97,11906.25,"NIFTY_candle_5T_range_[50, 75]_delta_0,5_time_10,15.csv",initial_sl_-4001_initial_target_10417_final_target_11906.csv
2023-07-06,8.9,8929.69,10417.97,11906.25,"NIFTY_candle_5T_range_[50, 75]_delta_0,5_time_10,15.csv",initial_sl_-4001_initial_target_10417_final_target_11906.csv
2023-07-13,-6.05,8929.69,10417.97,11906.25,"NIFTY_candle_5T_range_[50, 75]_delta_0,5_time_10,15.csv",initial_sl_-4001_initial_target_10417_final_target_11906.csv
2023-07-20,1.4500000000000002,8929.69,10417.97,11906.25,"NIFTY_candle_5T_range_[50, 75]_delta_0,5_time_10,15.csv",initial_sl_-4001_initial_target_10417_final_target_11906.csv
2023-07-27,102.435,8929.69,10417.97,11906.25,"NIFTY_candle_5T_range_[50, 75]_delta_0,5_time_10,15.csv",initial_sl_-4001_initial_target_10417_final_target_11906.csv
2023-08-03,50.0925,8929.69,10417.97,11906.25,"NIFTY_candle_5T_range_[50, 75]_delta_0,5_time_10,15.csv",initial_sl_-4001_initial_target_10417_final_target_11906.csv
2023-08-10,143.56125,8929.69,10417.97,11906.25,"NIFTY_candle_5T_range_[50, 75]_delta_0,5_time_10,15.csv",initial_sl_-4001_initial_target_10417_final_target_11906.csv
2023-08-17,38.87625,8929.69,10417.97,11906.25,"NIFTY_candle_5T_range_[50, 75]_delta_0,5_time_10,15.csv",initial_sl_-4001_initial_target_10417_final_target_11906.csv
2023-08-24,16.4,8929.69,10417.97,11906.25,"NIFTY_candle_5T_range_[50, 75]_delta_0,5_time_10,15.csv",initial_sl_-4001_initial_target_10417_final_target_11906.csv
2023-08-31,-39.8625,8929.69,10417.97,11906.25,"NIFTY_candle_5T_range_[50, 75]_delta_0,5_time_10,15.csv",initial_sl_-4001_initial_target_10417_final_target_11906.csv
2023-09-07,8.9,8929.69,10417.97,11906.25,"NIFTY_candle_5T_range_[50, 75]_delta_0,5_time_10,15.csv",initial_sl_-4001_initial_target_10417_final_target_11906.csv
2023-09-14,143.56125,8929.69,10417.97,11906.25,"NIFTY_candle_5T_range_[50, 75]_delta_0,5_time_10,15.csv",initial_sl_-4001_initial_target_10417_final_target_11906.csv
2023-09-21,218.33625,8929.69,10417.97,11906.25,"NIFTY_candle_5T_range_[50, 75]_delta_0,5_time_10,15.csv",initial_sl_-4001_initial_target_10417_final_target_11906.csv
2023-09-28,16.4,8929.69,10417.97,11906.25,"NIFTY_candle_5T_range_[50, 75]_delta_0,5_time_10,15.csv",initial_sl_-4001_initial_target_10417_final_target_11906.csv
2023-10-05,31.39875,8929.69,10417.97,11906.25,"NIFTY_candle_5T_range_[50, 75]_delta_0,5_time_10,15.csv",initial_sl_-4001_initial_target_10417_final_target_11906.csv
2023-10-12,20.15,8929.69,10417.97,11906.25,"NIFTY_candle_5T_range_[50, 75]_delta_0,5_time_10,15.csv",initial_sl_-4001_initial_target_10417_final_target_11906.csv
2023-10-19,109.9125,8929.69,10417.97,11906.25,"NIFTY_candle_5T_range_[50, 75]_delta_0,5_time_10,15.csv",initial_sl_-4001_initial_target_10417_final_target_11906.csv
2023-10-26,173.47125,8929.69,10417.97,11906.25,"NIFTY_candle_5T_range_[50, 75]_delta_0,5_time_10,15.csv",initial_sl_-4001_initial_target_10417_final_target_11906.csv
2023-11-02,76.26375,8929.69,10417.97,11906.25,"NIFTY_candle_5T_range_[50, 75]_delta_0,5_time_10,15.csv",initial_sl_-4001_initial_target_10417_final_target_11906.csv
2023-11-09,-73.71375,8929.69,10417.97,11906.25,"NIFTY_candle_5T_range_[50, 75]_delta_0,5_time_10,15.csv",initial_sl_-4001_initial_target_10417_final_target_11906.csv
2023-11-16,-453.6,8929.69,10417.97,11906.25,"NIFTY_candle_5T_range_[50, 75]_delta_0,5_time_10,15.csv",initial_sl_-4001_initial_target_10417_final_target_11906.csv
2023-11-23,27.65,8929.69,10417.97,11906.25,"NIFTY_candle_5T_range_[50, 75]_delta_0,5_time_10,15.csv",initial_sl_-4001_initial_target_10417_final_target_11906.csv
2023-11-30,-6.05,8929.69,10417.97,11906.25,"NIFTY_candle_5T_range_[50, 75]_delta_0,5_time_10,15.csv",initial_sl_-4001_initial_target_10417_final_target_11906.csv
2023-12-07,80.0025,8929.69,10417.97,11906.25,"NIFTY_candle_5T_range_[50, 75]_delta_0,5_time_10,15.csv",initial_sl_-4001_initial_target_10417_final_target_11906.csv
2023-12-14,65.0475,8929.69,10417.97,11906.25,"NIFTY_candle_5T_range_[50, 75]_delta_0,5_time_10,15.csv",initial_sl_-4001_initial_target_10417_final_target_11906.csv
2023-12-21,151.03875,8929.69,10417.97,11906.25,"NIFTY_candle_5T_range_[50, 75]_delta_0,5_time_10,15.csv",initial_sl_-4001_initial_target_10417_final_target_11906.csv
2023-12-28,76.26375,8929.69,10417.97,11906.25,"NIFTY_candle_5T_range_[50, 75]_delta_0,5_time_10,15.csv",initial_sl_-4001_initial_target_10417_final_target_11906.csv
2024-01-04,65.0475,8929.69,10417.97,11906.25,"NIFTY_candle_5T_range_[50, 75]_delta_0,5_time_10,15.csv",initial_sl_-4001_initial_target_10417_final_target_11906.csv
2024-01-11,121.12875,8929.69,10417.97,11906.25,"NIFTY_candle_5T_range_[50, 75]_delta_0,5_time_10,15.csv",initial_sl_-4001_initial_target_10417_final_target_11906.csv
2024-01-18,-58.66875,8929.69,10417.97,11906.25,"NIFTY_candle_5T_range_[50, 75]_delta_0,5_time_10,15.csv",initial_sl_-4001_initial_target_10417_final_target_11906.csv
2024-01-25,35.1375,8929.69,10417.97,11906.25,"NIFTY_candle_5T_range_[50, 75]_delta_0,5_time_10,15.csv",initial_sl_-4001_initial_target_10417_final_target_11906.csv
2024-02-01,173.47125,8929.69,10417.97,11906.25,"NIFTY_candle_5T_range_[50, 75]_delta_0,5_time_10,15.csv",initial_sl_-4001_initial_target_10417_final_target_11906.csv
2024-02-08,-1845.2625,8929.69,10417.97,11906.25,"NIFTY_candle_5T_range_[50, 75]_delta_0,5_time_10,15.csv",initial_sl_-4001_initial_target_10417_final_target_11906.csv
2024-02-15,-145.1775,8929.69,10417.97,11906.25,"NIFTY_candle_5T_range_[50, 75]_delta_0,5_time_10,15.csv",initial_sl_-4001_initial_target_10417_final_target_11906.csv
2024-02-22,-141.41625,8929.69,10417.97,11906.25,"NIFTY_candle_5T_range_[50, 75]_delta_0,5_time_10,15.csv",initial_sl_-4001_initial_target_10417_final_target_11906.csv
2024-02-29,782.8875,8929.69,10417.97,11906.25,"NIFTY_candle_5T_range_[50, 75]_delta_0,5_time_10,15.csv",initial_sl_-4001_initial_target_10417_final_target_11906.csv
2024-03-07,65.0475,8929.69,10417.97,11906.25,"NIFTY_candle_5T_range_[50, 75]_delta_0,5_time_10,15.csv",initial_sl_-4001_initial_target_10417_final_target_11906.csv
2024-03-14,46.35375,8929.69,10417.97,11906.25,"NIFTY_candle_5T_range_[50, 75]_delta_0,5_time_10,15.csv",initial_sl_-4001_initial_target_10417_final_target_11906.csv
2024-03-21,-137.655,8929.69,10417.97,11906.25,"NIFTY_candle_5T_range_[50, 75]_delta_0,5_time_10,15.csv",initial_sl_-4001_initial_target_10417_final_target_11906.csv
2024-03-28,-201.59625,8929.69,10417.97,11906.25,"NIFTY_candle_5T_range_[50, 75]_delta_0,5_time_10,15.csv",initial_sl_-4001_initial_target_10417_final_target_11906.csv
2024-04-04,913.74375,8929.69,10417.97,11906.25,"NIFTY_candle_5T_range_[50, 75]_delta_0,5_time_10,15.csv",initial_sl_-4001_initial_target_10417_final_target_11906.csv
2024-04-10,-51.14625,8929.69,10417.97,11906.25,"NIFTY_candle_5T_range_[50, 75]_delta_0,5_time_10,15.csv",initial_sl_-4001_initial_target_10417_final_target_11906.csv
2024-04-18,-310.6725,8929.69,10417.97,11906.25,"NIFTY_candle_5T_range_[50, 75]_delta_0,5_time_10,15.csv",initial_sl_-4001_initial_target_10417_final_target_11906.csv
2024-04-25,558.5625,8929.69,10417.97,11906.25,"NIFTY_candle_5T_range_[50, 75]_delta_0,5_time_10,15.csv",initial_sl_-4001_initial_target_10417_final_target_11906.csv
2024-05-02,184.6875,8929.69,10417.97,11906.25,"NIFTY_candle_5T_range_[50, 75]_delta_0,5_time_10,15.csv",initial_sl_-4001_initial_target_10417_final_target_11906.csv
2024-05-09,390.31875,8929.69,10417.97,11906.25,"NIFTY_candle_5T_range_[50, 75]_delta_0,5_time_10,15.csv",initial_sl_-4001_initial_target_10417_final_target_11906.csv
2024-05-16,-28.6,8929.69,10417.97,11906.25,"NIFTY_candle_5T_range_[50, 75]_delta_0,5_time_10,15.csv",initial_sl_-4001_initial_target_10417_final_target_11906.csv
2024-05-23,-118.84875,8929.69,10417.97,11906.25,"NIFTY_candle_5T_range_[50, 75]_delta_0,5_time_10,15.csv",initial_sl_-4001_initial_target_10417_final_target_11906.csv
2024-06-13,203.38125,8929.69,10417.97,11906.25,"NIFTY_candle_5T_range_[50, 75]_delta_0,5_time_10,15.csv",initial_sl_-4001_initial_target_10417_final_target_11906.csv
2024-06-20,158.51625,8929.69,10417.97,11906.25,"NIFTY_candle_5T_range_[50, 75]_delta_0,5_time_10,15.csv",initial_sl_-4001_initial_target_10417_final_target_11906.csv
2024-06-27,-17.35,8929.69,10417.97,11906.25,"NIFTY_candle_5T_range_[50, 75]_delta_0,5_time_10,15.csv",initial_sl_-4001_initial_target_10417_final_target_11906.csv
2024-07-04,121.12875,8929.69,10417.97,11906.25,"NIFTY_candle_5T_range_[50, 75]_delta_0,5_time_10,15.csv",initial_sl_-4001_initial_target_10417_final_target_11906.csv
2024-07-11,-540.10875,8929.69,10417.97,11906.25,"NIFTY_candle_5T_range_[50, 75]_delta_0,5_time_10,15.csv",initial_sl_-4001_initial_target_10417_final_target_11906.csv
2024-07-18,-9.8,8929.69,10417.97,11906.25,"NIFTY_candle_5T_range_[50, 75]_delta_0,5_time_10,15.csv",initial_sl_-4001_initial_target_10417_final_target_11906.csv
2024-07-25,169.7325,8929.69,10417.97,11906.25,"NIFTY_candle_5T_range_[50, 75]_delta_0,5_time_10,15.csv",initial_sl_-4001_initial_target_10417_final_target_11906.csv
2024-08-01,5.2,8929.69,10417.97,11906.25,"NIFTY_candle_5T_range_[50, 75]_delta_0,5_time_10,15.csv",initial_sl_-4001_initial_target_10417_final_target_11906.csv
2024-08-08,274.4175,8929.69,10417.97,11906.25,"NIFTY_candle_5T_range_[50, 75]_delta_0,5_time_10,15.csv",initial_sl_-4001_initial_target_10417_final_target_11906.csv
2024-08-14,20.15,8929.69,10417.97,11906.25,"NIFTY_candle_5T_range_[50, 75]_delta_0,5_time_10,15.csv",initial_sl_-4001_initial_target_10417_final_target_11906.csv
2024-08-22,-141.41625,8929.69,10417.97,11906.25,"NIFTY_candle_5T_range_[50, 75]_delta_0,5_time_10,15.csv",initial_sl_-4001_initial_target_10417_final_target_11906.csv
2024-08-29,53.83125,8929.69,10417.97,11906.25,"NIFTY_candle_5T_range_[50, 75]_delta_0,5_time_10,15.csv",initial_sl_-4001_initial_target_10417_final_target_11906.csv
2024-09-05,151.03875,8929.69,10417.97,11906.25,"NIFTY_candle_5T_range_[50, 75]_delta_0,5_time_10,15.csv",initial_sl_-4001_initial_target_10417_final_target_11906.csv
2024-09-12,106.17375,8929.69,10417.97,11906.25,"NIFTY_candle_5T_range_[50, 75]_delta_0,5_time_10,15.csv",initial_sl_-4001_initial_target_10417_final_target_11906.csv
2024-09-19,-171.50625,8929.69,10417.97,11906.25,"NIFTY_candle_5T_range_[50, 75]_delta_0,5_time_10,15.csv",initial_sl_-4001_initial_target_10417_final_target_11906.csv
2024-09-26,-118.84875,8929.69,10417.97,11906.25,"NIFTY_candle_5T_range_[50, 75]_delta_0,5_time_10,15.csv",initial_sl_-4001_initial_target_10417_final_target_11906.csv
2024-10-03,-39.8625,8929.69,10417.97,11906.25,"NIFTY_candle_5T_range_[50, 75]_delta_0,5_time_10,15.csv",initial_sl_-4001_initial_target_10417_final_target_11906.csv
2024-10-10,-54.9075,8929.69,10417.97,11906.25,"NIFTY_candle_5T_range_[50, 75]_delta_0,5_time_10,15.csv",initial_sl_-4001_initial_target_10417_final_target_11906.csv
2024-10-17,278.15625,8929.69,10417.97,11906.25,"NIFTY_candle_5T_range_[50, 75]_delta_0,5_time_10,15.csv",initial_sl_-4001_initial_target_10417_final_target_11906.csv
2024-10-24,65.0475,8929.69,10417.97,11906.25,"NIFTY_candle_5T_range_[50, 75]_delta_0,5_time_10,15.csv",initial_sl_-4001_initial_target_10417_final_target_11906.csv
2024-10-31,-58.66875,8929.69,10417.97,11906.25,"NIFTY_candle_5T_range_[50, 75]_delta_0,5_time_10,15.csv",initial_sl_-4001_initial_target_10417_final_target_11906.csv
2024-11-07,-58.66875,8929.69,10417.97,11906.25,"NIFTY_candle_5T_range_[50, 75]_delta_0,5_time_10,15.csv",initial_sl_-4001_initial_target_10417_final_target_11906.csv
2024-11-14,281.895,8929.69,10417.97,11906.25,"NIFTY_candle_5T_range_[50, 75]_delta_0,5_time_10,15.csv",initial_sl_-4001_initial_target_10417_final_target_11906.csv
2024-11-21,128.60625,8929.69,10417.97,11906.25,"NIFTY_candle_5T_range_[50, 75]_delta_0,5_time_10,15.csv",initial_sl_-4001_initial_target_10417_final_target_11906.csv
2024-11-28,143.56125,8929.69,10417.97,11906.25,"NIFTY_candle_5T_range_[50, 75]_delta_0,5_time_10,15.csv",initial_sl_-4001_initial_target_10417_final_target_11906.csv
2024-12-05,76.26375,8929.69,10417.97,11906.25,"NIFTY_candle_5T_range_[50, 75]_delta_0,5_time_10,15.csv",initial_sl_-4001_initial_target_10417_final_target_11906.csv
2024-12-12,180.94875,8929.69,10417.97,11906.25,"NIFTY_candle_5T_range_[50, 75]_delta_0,5_time_10,15.csv",initial_sl_-4001_initial_target_10417_final_target_11906.csv
2024-12-19,-6.05,8929.69,10417.97,11906.25,"NIFTY_candle_5T_range_[50, 75]_delta_0,5_time_10,15.csv",initial_sl_-4001_initial_target_10417_final_target_11906.csv
2024-12-26,102.435,8929.69,10417.97,11906.25,"NIFTY_candle_5T_range_[50, 75]_delta_0,5_time_10,15.csv",initial_sl_-4001_initial_target_10417_final_target_11906.csv
2025-01-02,-171.50625,8929.69,10417.97,11906.25,"NIFTY_candle_5T_range_[50, 75]_delta_0,5_time_10,15.csv",initial_sl_-4001_initial_target_10417_final_target_11906.csv
2025-01-09,177.21,8929.69,10417.97,11906.25,"NIFTY_candle_5T_range_[50, 75]_delta_0,5_time_10,15.csv",initial_sl_-4001_initial_target_10417_final_target_11906.csv
2025-01-16,102.435,8929.69,10417.97,11906.25,"NIFTY_candle_5T_range_[50, 75]_delta_0,5_time_10,15.csv",initial_sl_-4001_initial_target_10417_final_target_11906.csv
2025-01-23,-167.745,8929.69,10417.97,11906.25,"NIFTY_candle_5T_range_[50, 75]_delta_0,5_time_10,15.csv",initial_sl_-4001_initial_target_10417_final_target_11906.csv
2025-01-30,-36.10125,8929.69,10417.97,11906.25,"NIFTY_candle_5T_range_[50, 75]_delta_0,5_time_10,15.csv",initial_sl_-4001_initial_target_10417_final_target_11906.csv
2025-02-06,207.12,8929.69,10417.97,11906.25,"NIFTY_candle_5T_range_[50, 75]_delta_0,5_time_10,15.csv",initial_sl_-4001_initial_target_10417_final_target_11906.csv
2025-02-13,390.31875,8929.69,10417.97,11906.25,"NIFTY_candle_5T_range_[50, 75]_delta_0,5_time_10,15.csv",initial_sl_-4001_initial_target_10417_final_target_11906.csv
2025-02-20,165.99375,8929.69,10417.97,11906.25,"NIFTY_candle_5T_range_[50, 75]_delta_0,5_time_10,15.csv",initial_sl_-4001_initial_target_10417_final_target_11906.csv
2025-02-27,-28.6,8929.69,10417.97,11906.25,"NIFTY_candle_5T_range_[50, 75]_delta_0,5_time_10,15.csv",initial_sl_-4001_initial_target_10417_final_target_11906.csv
2025-03-06,-133.89375,8929.69,10417.97,11906.25,"NIFTY_candle_5T_range_[50, 75]_delta_0,5_time_10,15.csv",initial_sl_-4001_initial_target_10417_final_target_11906.csv
2025-03-13,23.9,8929.69,10417.97,11906.25,"NIFTY_candle_5T_range_[50, 75]_delta_0,5_time_10,15.csv",initial_sl_-4001_initial_target_10417_final_target_11906.csv
2025-03-20,136.08375,8929.69,10417.97,11906.25,"NIFTY_candle_5T_range_[50, 75]_delta_0,5_time_10,15.csv",initial_sl_-4001_initial_target_10417_final_target_11906.csv
2025-03-27,-6.05,8929.69,10417.97,11906.25,"NIFTY_candle_5T_range_[50, 75]_delta_0,5_time_10,15.csv",initial_sl_-4001_initial_target_10417_final_target_11906.csv
2025-04-03,487.52625,8929.69,10417.97,11906.25,"NIFTY_candle_5T_range_[50, 75]_delta_0,5_time_10,15.csv",initial_sl_-4001_initial_target_10417_final_target_11906.csv
2025-04-09,364.1475,8929.69,10417.97,11906.25,"NIFTY_candle_5T_range_[50, 75]_delta_0,5_time_10,15.csv",initial_sl_-4001_initial_target_10417_final_target_11906.csv
2025-04-17,121.12875,8929.69,10417.97,11906.25,"NIFTY_candle_5T_range_[50, 75]_delta_0,5_time_10,15.csv",initial_sl_-4001_initial_target_10417_final_target_11906.csv
