Date,vix,Position,Action,PE_Long_Time,PE_Short_Time,CE_Short_Time,CE_Long_Time,Index Value,PE_Long_Strike,PE_Short_Strike,CE_Short_Strike,CE_Long_Strike,ExpiryDate,DaysToExpiry,Day,PE_Long_Premium,PE_Short_Premium,CE_Short_Premium,CE_Long_Premium,PE_Long_Stoploss,PE_Short_Stoploss,CE_Short_Stoploss,CE_Long_Stoploss,PE_Short_target,CE_Short_target,PE_Long_Exit,PE_Short_Exit,CE_Short_Exit,CE_Long_Exit,Premium
2025-07-04,12.35,1,Short,14:30:00,14:30:00,14:30:00,14:30:00,83193.38,81600.0,82300,84100,84700.0,2025-07-08 00:00:00,2.0,Friday,19.7,64.15,64.75,20.8,0,128.3,129.5,0,12.830000000000002,12.95,,,,,88.4
2025-07-04,,0,Long,2025-07-08 09:16:00,2025-07-08 09:16:00,2025-07-08 09:59:00,2025-07-08 09:59:00,,81600.0,82300,84100,84700.0,2025-07-08 00:00:00,2.0,Friday,"[2.65, 2.65]","[11.8, 11.8]","[11.65, 11.65]","[2.65, 2.65]",0,,,0,,,Exit,Target hit,Target hit,Exit,-18.15
2025-07-11,11.88,1,Short,14:30:00,14:30:00,14:30:00,14:30:00,82508.69,80800.0,81600,83400,84000.0,2025-07-15 00:00:00,2.0,Friday,15.05,48.4,68.65,23.2,0,96.8,137.3,0,9.68,13.730000000000002,,,,,78.80000000000001
2025-07-11,,0,Long,2025-07-15 09:20:00,2025-07-15 09:20:00,2025-07-15 09:15:00,2025-07-15 09:15:00,,80800.0,81600,83400,84000.0,2025-07-15 00:00:00,2.0,Friday,"[1.85, 1.85]","[8.7, 8.7]","[11.8, 11.8]","[3.1, 3.1]",0,,,0,,,Exit,Target hit,Target hit,Exit,-15.55
2025-07-18,11.39,1,Short,14:30:00,14:30:00,14:30:00,14:30:00,81806.2,80300.0,81000,82600,83200.0,2025-07-22 00:00:00,2.0,Friday,19.95,64.05,97.0,31.75,0,128.1,194.0,0,12.81,19.4,,,,,109.35
2025-07-18,,0,Long,2025-07-21 14:58:00,2025-07-21 14:58:00,2025-07-22 10:38:00,2025-07-22 10:38:00,,80300.0,81000,82600,83200.0,2025-07-22 00:00:00,2.0,Friday,"[4.15, 4.15]","[12.65, 12.65]","[19.0, 19.0]","[3.7, 3.7]",0,,,0,,,Exit,Target hit,Target hit,Exit,-23.8
2025-07-25,11.32,1,Short,14:30:00,14:30:00,14:30:00,14:30:00,81476.41,80000.0,80700,82300,83000.0,2025-07-29 00:00:00,2.0,Friday,18.6,57.2,71.35,23.7,0,114.4,142.7,0,11.44,14.27,,,,,86.25000000000001
2025-07-25,,0,Long,2025-07-28 13:33:00,2025-07-28 13:33:00,2025-07-28 15:09:00,2025-07-28 15:09:00,,80000.0,80700,82300,83000.0,2025-07-29 00:00:00,2.0,Friday,"[22.1, 1.05]","[121.1, 1.35]","[14.0, 14.0]","[7.1, 7.1]",0,,,0,,,Exit,SL hit,Target hit,Exit,-105.9
2025-08-01,11.86,1,Short,14:30:00,14:30:00,14:30:00,14:30:00,80796.93,79300.0,80000,81600,82200.0,2025-08-05 00:00:00,2.0,Friday,32.65,100.6,97.9,32.8,0,201.2,195.8,0,20.12,19.58,,,,,133.05
2025-08-01,,0,Long,2025-08-04 15:17:00,2025-08-04 15:17:00,2025-08-05 09:22:00,2025-08-05 09:22:00,,79300.0,80000,81600,82200.0,2025-08-05 00:00:00,2.0,Friday,"[6.0, 6.0]","[19.85, 19.85]","[19.25, 19.25]","[4.6, 4.6]",0,,,0,,,Exit,Target hit,Target hit,Exit,-28.5
2025-08-08,11.95,1,Short,14:30:00,14:30:00,14:30:00,14:30:00,79988.55,78500.0,79200,80800,81400.0,2025-08-12 00:00:00,2.0,Friday,22.05,69.3,90.2,30.65,0,138.6,180.4,0,13.86,18.040000000000003,,,,,106.8
2025-08-08,,0,Long,2025-08-11 14:31:00,2025-08-11 14:31:00,2025-08-12 09:46:00,2025-08-12 09:46:00,,78500.0,79200,80800,81400.0,2025-08-12 00:00:00,2.0,Friday,"[4.7, 4.7]","[12.15, 12.15]","[191.5, 4.25]","[22.55, 2.85]",0,,,0,,,Exit,Target hit,SL hit,Exit,-176.4
2025-08-14,12.41,1,Short,14:30:00,14:30:00,14:30:00,14:30:00,80589.14,78900.0,79700,81500,82100.0,2025-08-19 00:00:00,2.0,Thursday,22.85,72.7,72.1,22.55,0,145.4,144.2,0,14.54,14.42,,,,,99.4
2025-08-14,,0,Long,2025-08-18 09:16:00,2025-08-18 09:16:00,2025-08-18 09:15:00,2025-08-18 09:15:00,,78900.0,79700,81500,82100.0,2025-08-19 00:00:00,2.0,Thursday,"[5.4, 5.4]","[13.6, 13.6]","[156.0, 128.95]","[48.05, 1.4]",0,,,0,,,Exit,Target hit,SL hit,Exit,-116.15
2025-08-22,11.62,1,Short,14:30:00,14:30:00,14:30:00,14:30:00,81424.31,80000.0,80600,82200,82700.0,2025-08-26 00:00:00,2.0,Friday,16.45,52.85,62.35,20.55,0,105.7,124.7,0,10.57,12.47,,,,,78.2
2025-08-22,,0,Long,2025-08-25 09:44:00,2025-08-25 09:44:00,2025-08-26 09:16:00,2025-08-26 09:16:00,,80000.0,80600,82200,82700.0,2025-08-26 00:00:00,2.0,Friday,"[4.4, 4.4]","[10.35, 10.35]","[9.15, 9.15]","[3.3, 3.3]",0,,,0,,,Exit,Target hit,Target hit,Exit,-11.8
2025-05-02,18.49,1,Short,14:30:00,14:30:00,14:30:00,14:30:00,80378.69,77300.0,79100,81700,82400.0,2025-05-06 00:00:00,2.0,Friday,59.7,183.0,67.8,22.8,0,366.0,135.6,0,36.6,13.56,,,,,168.3
2025-05-02,,0,Long,2025-05-05 09:54:00,2025-05-05 09:54:00,2025-05-06 09:16:00,2025-05-06 09:16:00,,77300.0,79100,81700,82400.0,2025-05-06 00:00:00,2.0,Friday,"[10.0, 10.0]","[35.3, 35.3]","[13.0, 13.0]","[3.3, 3.3]",0,,,0,,,Exit,Target hit,Target hit,Exit,-35.0
2025-05-09,22.02,1,Short,14:30:00,14:30:00,14:30:00,14:30:00,79309.13,76200.0,77800,80800,81500.0,2025-05-13 00:00:00,2.0,Friday,158.0,308.7,85.85,29.55,0,617.4,171.7,0,61.74,17.169999999999998,,,,,206.99999999999997
2025-05-09,,0,Long,2025-05-12 09:16:00,2025-05-12 09:16:00,2025-05-12 09:16:00,2025-05-12 09:16:00,,76200.0,77800,80800,81500.0,2025-05-13 00:00:00,2.0,Friday,"[5.4, 5.4]","[9.45, 9.45]","[465.55, 419.1]","[157.8, 12.1]",0,,,0,,,Exit,Target hit,SL hit,Exit,-311.79999999999995
2025-05-16,16.5,1,Short,14:30:00,14:30:00,14:30:00,14:30:00,82315.19,79900.0,81100,83500,84300.0,2025-05-20 00:00:00,2.0,Friday,32.45,102.1,99.95,33.65,0,204.2,199.9,0,20.42,19.99,,,,,135.95000000000002
2025-05-16,,0,Long,2025-05-20 09:16:00,2025-05-20 09:16:00,2025-05-20 09:15:00,2025-05-20 09:15:00,,79900.0,81100,83500,84300.0,2025-05-20 00:00:00,2.0,Friday,"[4.0, 4.0]","[19.4, 19.4]","[15.8, 15.8]","[7.0, 7.0]",0,,,0,,,Exit,Target hit,Target hit,Exit,-24.200000000000003
2025-05-23,17.25,1,Short,14:30:00,14:30:00,14:30:00,14:30:00,81765.3,79600.0,80600,83000,83700.0,2025-05-27 00:00:00,2.0,Friday,45.45,143.05,137.0,48.3,0,286.1,274.0,0,28.610000000000003,27.4,,,,,186.3
2025-05-23,,0,Long,2025-05-27 10:56:00,2025-05-27 10:56:00,2025-05-26 09:46:00,2025-05-26 09:46:00,,79600.0,80600,83000,83700.0,2025-05-27 00:00:00,2.0,Friday,"[2.8, 2.8]","[28.05, 28.05]","[283.9, 0.95]","[99.65, 0.55]",0,,,0,,,Exit,Target hit,SL hit,Exit,-209.5
2025-05-30,16.09,1,Short,14:30:00,14:30:00,14:30:00,14:30:00,81475.17,79600.0,80300,82700,83400.0,2025-06-03 00:00:00,2.0,Friday,38.0,110.95,125.3,39.95,0,221.9,250.6,0,22.19,25.06,,,,,158.3
2025-05-30,,0,Long,2025-06-02 09:16:00,2025-06-02 09:16:00,2025-06-03 10:59:00,2025-06-03 10:59:00,,79600.0,80300,82700,83400.0,2025-06-03 00:00:00,2.0,Friday,"[112.0, 1.1]","[301.75, 2.7]","[24.35, 24.35]","[3.3, 3.3]",0,,,0,,,Exit,SL hit,Target hit,Exit,-210.8
2025-06-06,14.74,1,Short,14:30:00,14:30:00,14:30:00,14:30:00,82239.21,80300.0,81100,83300,83900.0,2025-06-10 00:00:00,2.0,Friday,32.5,99.65,106.15,37.4,0,199.3,212.3,0,19.930000000000003,21.230000000000004,,,,,135.9
2025-06-06,,0,Long,2025-06-10 09:15:00,2025-06-10 09:15:00,2025-06-10 09:29:00,2025-06-10 09:29:00,,80300.0,81100,83300,83900.0,2025-06-10 00:00:00,2.0,Friday,"[3.3, 3.3]","[5.95, 5.95]","[18.5, 18.5]","[5.25, 5.25]",0,,,0,,,Exit,Target hit,Target hit,Exit,-15.9
2025-06-13,14.95,1,Short,14:30:00,14:30:00,14:30:00,14:30:00,81104.31,78900.0,80000,82200,82900.0,2025-06-17 00:00:00,2.0,Friday,44.8,137.35,76.15,25.05,0,274.7,152.3,0,27.47,15.230000000000002,,,,,143.65
2025-06-13,,0,Long,2025-06-16 11:32:00,2025-06-16 11:32:00,2025-06-16 11:09:00,2025-06-16 11:09:00,,78900.0,80000,82200,82900.0,2025-06-17 00:00:00,2.0,Friday,"[8.85, 8.85]","[27.2, 27.2]","[168.15, 0.9]","[42.3, 0.65]",0,,,0,,,Exit,Target hit,SL hit,Exit,-144.2
2025-06-20,13.68,1,Short,14:30:00,14:30:00,14:30:00,14:30:00,82176.93,80100.0,81200,83200,83700.0,2025-06-24 00:00:00,2.0,Friday,35.35,104.2,70.4,24.8,0,208.4,140.8,0,20.840000000000003,14.080000000000002,,,,,114.45000000000002
2025-06-20,,0,Long,2025-06-24 09:16:00,2025-06-24 09:16:00,2025-06-23 09:33:00,2025-06-23 09:33:00,,80100.0,81200,83200,83700.0,2025-06-24 00:00:00,2.0,Friday,"[3.45, 3.45]","[11.7, 11.7]","[13.55, 13.55]","[5.65, 5.65]",0,,,0,,,Exit,Target hit,Target hit,Exit,-16.15
2025-06-27,12.39,1,Short,14:30:00,14:30:00,14:30:00,14:30:00,83936.54,82000.0,83000,84800,85400.0,2025-07-01 00:00:00,2.0,Friday,27.7,84.85,78.7,23.75,0,169.7,157.4,0,16.97,15.740000000000002,,,,,112.1
2025-06-27,,0,Long,2025-07-01 09:49:00,2025-07-01 09:49:00,2025-07-01 09:16:00,2025-07-01 09:16:00,,82000.0,83000,84800,85400.0,2025-07-01 00:00:00,2.0,Friday,"[2.95, 2.95]","[16.4, 16.4]","[13.65, 13.65]","[3.6, 3.6]",0,,,0,,,Exit,Target hit,Target hit,Exit,-23.5
2025-04-04,13.73,1,Short,14:30:00,14:30:00,14:30:00,14:30:00,75345.95,73700.0,74400,76200,76800.0,2025-04-08 00:00:00,2.0,Friday,28.6,81.85,54.1,18.75,0,163.7,108.2,0,16.37,10.82,,,,,88.6
2025-04-04,,0,Long,2025-04-07 09:15:00,2025-04-07 09:15:00,2025-04-08 09:32:00,2025-04-08 09:32:00,,73700.0,74400,76200,76800.0,2025-04-08 00:00:00,2.0,Friday,"[1319.0, 2.45]","[2000.0, 62.05]","[10.6, 10.6]","[5.05, 5.05]",0,,,0,,,Exit,SL hit,Target hit,Exit,-686.55
2025-04-09,21.25,1,Short,14:30:00,14:30:00,14:30:00,14:30:00,73853.61,70300.0,72500,75300,76500.0,2025-04-15 00:00:00,2.0,Wednesday,102.35,314.05,241.8,82.3,0,628.1,483.6,0,62.81,48.36000000000001,,,,,371.2000000000001
2025-04-09,,0,Long,2025-04-11 09:24:00,2025-04-11 09:24:00,2025-04-11 09:16:00,2025-04-11 09:16:00,,70300.0,72500,75300,76500.0,2025-04-15 00:00:00,2.0,Wednesday,"[15.05, 15.05]","[61.25, 61.25]","[491.6, 1403.05]","[132.65, 204.9]",0,,,0,,,Exit,Target hit,SL hit,Exit,-405.15
2025-04-17,15.27,1,Short,14:30:00,14:30:00,14:30:00,14:30:00,78471.9,75700.0,77400,79600,80600.0,2025-04-22 00:00:00,2.0,Thursday,71.75,213.3,139.95,45.1,0,426.6,279.9,0,42.66,27.99,,,,,236.4
2025-04-17,,0,Long,2025-04-21 09:40:00,2025-04-21 09:40:00,2025-04-21 12:25:00,2025-04-21 12:25:00,,75700.0,77400,79600,80600.0,2025-04-22 00:00:00,2.0,Thursday,"[9.8, 9.8]","[42.4, 42.4]","[289.0, 7.0]","[43.5, 0.8]",0,,,0,,,Exit,Target hit,SL hit,Exit,-278.1
2025-04-25,17.07,1,Short,14:30:00,14:30:00,14:30:00,14:30:00,79408.16,76500.0,78200,80600,81400.0,2025-04-29 00:00:00,2.0,Friday,53.0,159.95,112.1,37.6,0,319.9,224.2,0,31.99,22.42,,,,,181.45
2025-04-25,,0,Long,2025-04-28 12:20:00,2025-04-28 12:20:00,2025-04-29 10:26:00,2025-04-29 10:26:00,,76500.0,78200,80600,81400.0,2025-04-29 00:00:00,2.0,Friday,"[12.05, 12.05]","[31.5, 31.5]","[21.3, 21.3]","[5.2, 5.2]",0,,,0,,,Exit,Target hit,Target hit,Exit,-35.55
2025-02-07,13.91,1,Short,14:30:00,14:30:00,14:30:00,14:30:00,77548.53,75900.0,76500,78500,79300.0,2025-02-11 00:00:00,2.0,Friday,21.1,61.5,153.4,47.4,0,123.0,306.8,0,12.3,30.680000000000003,,,,,146.4
2025-02-07,,0,Long,2025-02-11 12:03:00,2025-02-11 12:03:00,2025-02-10 13:35:00,2025-02-10 13:35:00,,75900.0,76500,78500,79300.0,2025-02-11 00:00:00,2.0,Friday,"[2.55, 2.55]","[11.2, 11.2]","[30.45, 30.45]","[6.05, 6.05]",0,,,0,,,Exit,Target hit,Target hit,Exit,-33.05
2025-02-14,15.37,1,Short,14:30:00,14:30:00,14:30:00,14:30:00,75732.18,74000.0,74700,76700,77400.0,2025-02-18 00:00:00,2.0,Friday,31.25,95.55,144.65,49.05,0,191.1,289.3,0,19.11,28.930000000000003,,,,,159.89999999999998
2025-02-14,,0,Long,2025-02-18 09:51:00,2025-02-18 09:51:00,2025-02-18 11:00:00,2025-02-18 11:00:00,,74000.0,74700,76700,77400.0,2025-02-18 00:00:00,2.0,Friday,"[3.45, 3.45]","[19.1, 19.1]","[27.4, 27.4]","[6.25, 6.25]",0,,,0,,,Exit,Target hit,Target hit,Exit,-36.8
2025-02-21,14.56,1,Short,14:30:00,14:30:00,14:30:00,14:30:00,75239.41,73600.0,74200,76200,76800.0,2025-02-25 00:00:00,2.0,Friday,19.25,58.95,107.55,33.35,0,117.9,215.1,0,11.79,21.51,,,,,113.9
2025-02-21,,0,Long,2025-02-24 09:17:00,2025-02-24 09:17:00,2025-02-24 09:38:00,2025-02-24 09:38:00,,73600.0,74200,76200,76800.0,2025-02-25 00:00:00,2.0,Friday,"[42.1, 1.0]","[125.9, 1.35]","[21.5, 21.5]","[7.65, 7.65]",0,,,0,,,Exit,SL hit,Target hit,Exit,-97.65
2025-02-28,13.92,1,Short,14:30:00,14:30:00,14:30:00,14:30:00,73273.31,71700.0,72400,74200,74800.0,2025-03-04 00:00:00,2.0,Friday,28.6,90.6,117.2,40.65,0,181.2,234.4,0,18.12,23.44,,,,,138.55
2025-02-28,,0,Long,2025-03-04 10:21:00,2025-03-04 10:21:00,2025-03-03 11:13:00,2025-03-03 11:13:00,,71700.0,72400,74200,74800.0,2025-03-04 00:00:00,2.0,Friday,"[4.35, 4.35]","[17.15, 17.15]","[22.4, 22.4]","[7.9, 7.9]",0,,,0,,,Exit,Target hit,Target hit,Exit,-27.3
2025-03-07,13.52,1,Short,14:30:00,14:30:00,14:30:00,14:30:00,74417.0,72800.0,73500,75300,75800.0,2025-03-11 00:00:00,2.0,Friday,26.85,85.35,61.85,20.8,0,170.7,123.7,0,17.07,12.37,,,,,99.54999999999998
2025-03-07,,0,Long,2025-03-11 10:49:00,2025-03-11 10:49:00,2025-03-10 13:46:00,2025-03-10 13:46:00,,72800.0,73500,75300,75800.0,2025-03-11 00:00:00,2.0,Friday,"[4.9, 4.9]","[16.9, 16.9]","[12.25, 12.25]","[3.55, 3.55]",0,,,0,,,Exit,Target hit,Target hit,Exit,-20.7
2025-03-13,13.36,1,Short,14:30:00,14:30:00,14:30:00,14:30:00,73879.45,72400.0,73000,74800,75300.0,2025-03-18 00:00:00,2.0,Thursday,23.5,73.9,54.75,18.1,0,147.8,109.5,0,14.78,10.95,,,,,87.05000000000001
2025-03-13,,0,Long,2025-03-17 09:32:00,2025-03-17 09:32:00,2025-03-18 09:17:00,2025-03-18 09:17:00,,72400.0,73000,74800,75300.0,2025-03-18 00:00:00,2.0,Thursday,"[5.55, 5.55]","[14.65, 14.65]","[115.85, 402.0]","[18.65, 4.25]",0,,,0,,,Exit,Target hit,SL hit,Exit,-106.3
2025-03-21,12.59,1,Short,14:30:00,14:30:00,14:30:00,14:30:00,76927.61,75200.0,76000,77800,78400.0,2025-03-25 00:00:00,2.0,Friday,21.85,63.2,74.7,22.2,0,126.4,149.4,0,12.64,14.94,,,,,93.85
2025-03-21,,0,Long,2025-03-24 14:39:00,2025-03-24 14:39:00,2025-03-24 09:23:00,2025-03-24 09:23:00,,75200.0,76000,77800,78400.0,2025-03-25 00:00:00,2.0,Friday,"[7.65, 7.65]","[12.4, 12.4]","[156.0, 268.2]","[43.6, 1.55]",0,,,0,,,Exit,Target hit,SL hit,Exit,-117.15
2025-03-27,13.34,1,Short,14:30:00,14:30:00,14:30:00,14:30:00,77672.02,75700.0,76800,78600,79300.0,2025-04-01 00:00:00,2.0,Thursday,35.65,110.05,136.5,45.0,0,220.1,273.0,0,22.01,27.3,,,,,165.9
2025-03-27,,0,Long,2025-04-01 10:25:00,2025-04-01 10:25:00,2025-03-28 12:43:00,2025-03-28 12:43:00,,75700.0,76800,78600,79300.0,2025-04-01 00:00:00,2.0,Thursday,"[8.5, 1.95]","[241.1, 800.1]","[27.25, 27.25]","[9.0, 9.0]",0,,,0,,,Exit,SL hit,Target hit,Exit,-250.85
2025-01-03,13.49,1,Short,14:30:00,14:30:00,14:30:00,14:30:00,79355.93,78000.0,78500,80300,81000.0,2025-01-03 00:00:00,2.0,Friday,0.4,1.4,1.45,0.55,0,2.8,2.9,0,0.2799999999999999,0.29,,,,,1.8999999999999997
2025-01-03,,0,Long,2025-01-03 15:00:00,2025-01-03 15:00:00,2025-01-03 15:00:00,2025-01-03 15:00:00,,78000.0,78500,80300,81000.0,2025-01-03 00:00:00,2.0,Friday,"[0.35, 0.35]","[0.7, 0.7]","[0.5, 0.5]","[0.25, 0.25]",0,,,0,,,Exit,Universal exit,Universal exit,Exit,-0.6
2025-01-10,15.03,1,Short,14:30:00,14:30:00,14:30:00,14:30:00,77404.66,75600.0,76400,78400,79100.0,2025-01-14 00:00:00,2.0,Friday,35.4,115.2,76.1,24.9,0,230.4,152.2,0,23.040000000000003,15.22,,,,,131.0
2025-01-10,,0,Long,2025-01-13 09:17:00,2025-01-13 09:17:00,2025-01-13 12:17:00,2025-01-13 12:17:00,,75600.0,76400,78400,79100.0,2025-01-14 00:00:00,2.0,Friday,"[92.0, 0.55]","[274.1, 0.8]","[15.05, 15.05]","[7.15, 7.15]",0,,,0,,,Exit,SL hit,Target hit,Exit,-190.00000000000003
2025-01-17,15.76,1,Short,14:30:00,14:30:00,14:30:00,14:30:00,76664.5,74900.0,75600,77800,78500.0,2025-01-21 00:00:00,2.0,Friday,39.05,110.05,86.35,27.85,0,220.1,172.7,0,22.01,17.27,,,,,129.49999999999997
2025-01-17,,0,Long,2025-01-20 12:22:00,2025-01-20 12:22:00,2025-01-21 13:20:00,2025-01-21 13:20:00,,74900.0,75600,77800,78500.0,2025-01-21 00:00:00,2.0,Friday,"[9.3, 9.3]","[22.0, 22.0]","[14.7, 14.7]","[3.05, 3.05]",0,,,0,,,Exit,Target hit,Target hit,Exit,-24.35
2025-01-24,16.76,1,Short,14:30:00,14:30:00,14:30:00,14:30:00,76346.35,74600.0,75200,77400,78100.0,2025-01-28 00:00:00,2.0,Friday,25.05,72.0,97.35,30.25,0,144.0,194.7,0,14.4,19.47,,,,,114.05
2025-01-24,,0,Long,2025-01-27 09:16:00,2025-01-27 09:16:00,2025-01-27 11:23:00,2025-01-27 11:23:00,,74600.0,75200,77400,78100.0,2025-01-28 00:00:00,2.0,Friday,"[71.85, 1.0]","[175.4, 2.35]","[18.95, 18.95]","[7.55, 7.55]",0,,,0,,,Exit,SL hit,Target hit,Exit,-114.95
2025-01-31,16.49,1,Short,14:30:00,14:30:00,14:30:00,14:30:00,77282.69,74500.0,76200,78400,79600.0,2025-02-04 00:00:00,2.0,Friday,108.75,334.55,333.05,113.25,0,669.1,666.1,0,66.91000000000001,66.61,,,,,445.6
2025-01-31,,0,Long,2025-02-03 10:43:00,2025-02-03 10:43:00,2025-02-03 09:15:00,2025-02-03 09:15:00,,74500.0,76200,78400,79600.0,2025-02-04 00:00:00,2.0,Friday,"[6.95, 6.95]","[62.5, 62.5]","[52.95, 52.95]","[9.05, 9.05]",0,,,0,,,Exit,Target hit,Target hit,Exit,-99.45
2024-11-06,14.81,1,Short,14:30:00,14:30:00,14:30:00,14:30:00,80517.5,78300.0,79400,81600,82400.0,2024-11-08 00:00:00,2.0,Wednesday,28.75,83.7,103.8,35.75,0,167.4,207.6,0,16.740000000000002,20.76,,,,,123.0
2024-11-06,,0,Long,2024-11-07 09:59:00,2024-11-07 09:59:00,2024-11-07 09:59:00,2024-11-07 09:59:00,,78300.0,79400,81600,82400.0,2024-11-08 00:00:00,2.0,Wednesday,"[33.5, 0.3]","[199.0, 2.1]","[20.25, 20.25]","[5.65, 5.65]",0,,,0,,,Exit,SL hit,Target hit,Exit,-180.1
2024-11-12,14.55,1,Short,14:30:00,14:30:00,14:30:00,14:30:00,78777.72,77200.0,77800,79800,80500.0,2024-11-14 00:00:00,2.0,Tuesday,21.35,63.7,96.8,33.15,0,127.4,193.6,0,12.740000000000002,19.36,,,,,106.0
2024-11-12,,0,Long,2024-11-13 09:35:00,2024-11-13 09:35:00,2024-11-13 12:42:00,2024-11-13 12:42:00,,77200.0,77800,79800,80500.0,2024-11-14 00:00:00,2.0,Tuesday,"[48.3, 1.7]","[132.2, 223.8]","[19.0, 19.0]","[8.5, 8.5]",0,,,0,,,Exit,SL hit,Target hit,Exit,-94.4
2024-11-19,14.46,1,Short,14:30:00,14:30:00,14:30:00,14:30:00,78181.9,76500.0,77200,79200,79700.0,2024-11-22 00:00:00,2.0,Tuesday,36.25,102.0,79.6,28.6,0,204.0,159.2,0,20.4,15.92,,,,,116.75
2024-11-19,,0,Long,2024-11-19 14:59:00,2024-11-19 14:59:00,2024-11-21 09:30:00,2024-11-21 09:30:00,,76500.0,77200,79200,79700.0,2024-11-22 00:00:00,2.0,Tuesday,"[76.4, 2.25]","[206.8, 2.75]","[15.3, 15.3]","[6.05, 6.05]",0,,,0,,,Exit,SL hit,Target hit,Exit,-139.65000000000003
2024-11-27,14.75,1,Short,14:30:00,14:30:00,14:30:00,14:30:00,80342.13,78300.0,79300,81300,81900.0,2024-11-29 00:00:00,2.0,Wednesday,20.8,65.85,85.6,29.6,0,131.7,171.2,0,13.17,17.12,,,,,101.04999999999998
2024-11-27,,0,Long,2024-11-28 10:37:00,2024-11-28 10:37:00,2024-11-28 13:09:00,2024-11-28 13:09:00,,78300.0,79300,81300,81900.0,2024-11-29 00:00:00,2.0,Wednesday,"[33.3, 0.5]","[153.2, 1.1]","[16.6, 16.6]","[7.6, 7.6]",0,,,0,,,Exit,SL hit,Target hit,Exit,-128.89999999999998
2024-12-04,14.62,1,Short,14:30:00,14:30:00,14:30:00,14:30:00,80953.59,78900.0,80000,82000,82700.0,2024-12-06 00:00:00,2.0,Wednesday,72.35,220.2,156.2,50.6,0,440.4,312.4,0,44.04,31.24,,,,,253.45
2024-12-04,,0,Long,2024-12-05 14:37:00,2024-12-05 14:37:00,2024-12-05 12:13:00,2024-12-05 12:13:00,,78900.0,80000,82000,82700.0,2024-12-06 00:00:00,2.0,Wednesday,"[19.0, 19.0]","[41.9, 41.9]","[331.05, 3.1]","[119.4, 1.8]",0,,,0,,,Exit,Target hit,SL hit,Exit,-234.55
2024-12-11,13.29,1,Short,14:30:00,14:30:00,14:30:00,14:30:00,81557.42,79900.0,80600,82600,83200.0,2024-12-13 00:00:00,2.0,Wednesday,21.65,65.7,74.6,25.95,0,131.4,149.2,0,13.14,14.92,,,,,92.70000000000002
2024-12-11,,0,Long,2024-12-13 09:20:00,2024-12-13 09:20:00,2024-12-13 09:16:00,2024-12-13 09:16:00,,79900.0,80600,82600,83200.0,2024-12-13 00:00:00,2.0,Wednesday,"[32.45, 1.25]","[138.3, 1.7]","[13.85, 13.85]","[3.8, 3.8]",0,,,0,,,Exit,SL hit,Target hit,Exit,-115.9
2024-12-18,14.47,1,Short,14:30:00,14:30:00,14:30:00,14:30:00,80121.97,78200.0,79100,81100,82600.0,2024-12-20 00:00:00,2.0,Wednesday,29.1,90.1,165.4,55.25,0,180.2,330.8,0,18.02,33.080000000000005,,,,,171.15
2024-12-18,,0,Long,2024-12-19 09:16:00,2024-12-19 09:16:00,2024-12-19 14:14:00,2024-12-19 14:14:00,,78200.0,79100,81100,82600.0,2024-12-20 00:00:00,2.0,Wednesday,"[133.0, 49.25]","[339.7, 939.7]","[31.35, 31.35]","[9.95, 9.95]",0,,,0,,,Exit,SL hit,Target hit,Exit,-228.1
2024-12-24,13.15,1,Short,14:30:00,14:30:00,14:30:00,14:30:00,78503.45,76600.0,77600,79400,80300.0,2024-12-27 00:00:00,2.0,Tuesday,30.3,97.95,122.05,38.1,0,195.9,244.1,0,19.590000000000003,24.41,,,,,151.6
2024-12-24,,0,Long,2024-12-27 09:44:00,2024-12-27 09:44:00,2024-12-27 10:28:00,2024-12-27 10:28:00,,76600.0,77600,79400,80300.0,2024-12-27 00:00:00,2.0,Tuesday,"[2.65, 2.65]","[19.1, 19.1]","[22.5, 22.5]","[2.95, 2.95]",0,,,0,,,Exit,Target hit,Target hit,Exit,-36.0
2024-10-01,12.19,1,Short,14:30:00,14:30:00,14:30:00,14:30:00,84184.06,82500.0,83300,85100,85800.0,2024-10-04 00:00:00,2.0,Tuesday,31.05,88.7,116.5,40.5,0,177.4,233.0,0,17.740000000000002,23.3,,,,,133.64999999999998
2024-10-01,,0,Long,2024-10-03 09:15:00,2024-10-03 09:15:00,2024-10-03 09:20:00,2024-10-03 09:20:00,,82500.0,83300,85100,85800.0,2024-10-04 00:00:00,2.0,Tuesday,"[50.0, 811.65]","[300.0, 1627.3]","[22.3, 22.3]","[9.3, 9.3]",0,,,0,,,Exit,SL hit,Target hit,Exit,-263.0
2024-10-09,14.17,1,Short,14:30:00,14:30:00,14:30:00,14:30:00,81653.02,79800.0,80700,82700,83400.0,2024-10-11 00:00:00,2.0,Wednesday,51.15,155.65,107.05,35.8,0,311.3,214.1,0,31.130000000000003,21.41,,,,,175.75
2024-10-09,,0,Long,2024-10-11 09:26:00,2024-10-11 09:26:00,2024-10-11 09:17:00,2024-10-11 09:17:00,,79800.0,80700,82700,83400.0,2024-10-11 00:00:00,2.0,Wednesday,"[3.4, 3.4]","[29.0, 29.0]","[20.25, 20.25]","[3.3, 3.3]",0,,,0,,,Exit,Target hit,Target hit,Exit,-42.55
2024-10-16,13.01,1,Short,14:30:00,14:30:00,14:30:00,14:30:00,81774.6,80200.0,80900,82700,83400.0,2024-10-18 00:00:00,2.0,Wednesday,23.25,67.15,87.5,26.4,0,134.3,175.0,0,13.43,17.5,,,,,105.0
2024-10-16,,0,Long,2024-10-17 09:36:00,2024-10-17 09:36:00,2024-10-17 10:56:00,2024-10-17 10:56:00,,80200.0,80900,82700,83400.0,2024-10-18 00:00:00,2.0,Wednesday,"[43.85, 0.45]","[140.45, 0.9]","[17.25, 17.25]","[6.65, 6.65]",0,,,0,,,Exit,SL hit,Target hit,Exit,-107.2
2024-10-23,14.79,1,Short,14:30:00,14:30:00,14:30:00,14:30:00,80169.46,78300.0,79200,81200,81900.0,2024-10-25 00:00:00,2.0,Wednesday,33.0,102.3,84.6,27.3,0,204.6,169.2,0,20.46,16.919999999999998,,,,,126.59999999999998
2024-10-23,,0,Long,2024-10-25 09:15:00,2024-10-25 09:15:00,2024-10-24 13:45:00,2024-10-24 13:45:00,,78300.0,79200,81200,81900.0,2024-10-25 00:00:00,2.0,Wednesday,"[3.2, 3.2]","[14.3, 14.3]","[16.75, 16.75]","[4.5, 4.5]",0,,,0,,,Exit,Target hit,Target hit,Exit,-23.35
2024-10-29,14.58,1,Short,14:30:00,14:30:00,14:30:00,14:30:00,80271.72,78300.0,79300,81300,81900.0,2024-10-31 00:00:00,2.0,Tuesday,24.3,74.55,52.4,17.3,0,149.1,104.8,0,14.91,10.48,,,,,85.35
2024-10-29,,0,Long,2024-10-31 11:29:00,2024-10-31 11:29:00,2024-10-31 09:16:00,2024-10-31 09:16:00,,78300.0,79300,81300,81900.0,2024-10-31 00:00:00,2.0,Tuesday,"[2.6, 2.6]","[14.1, 14.1]","[10.35, 10.35]","[2.8, 2.8]",0,,,0,,,Exit,Target hit,Target hit,Exit,-19.05
2024-08-07,16.2,1,Short,14:30:00,14:30:00,14:30:00,14:30:00,79405.83,77300.0,78300,80500,81200.0,2024-08-09 00:00:00,2.0,Wednesday,38.7,114.4,98.35,32.65,0,228.8,196.7,0,22.880000000000003,19.67,,,,,141.4
2024-08-07,,0,Long,2024-08-09 09:16:00,2024-08-09 09:16:00,2024-08-09 10:03:00,2024-08-09 10:03:00,,77300.0,78300,80500,81200.0,2024-08-09 00:00:00,2.0,Wednesday,"[2.0, 2.0]","[13.85, 13.85]","[18.6, 18.6]","[2.9, 2.9]",0,,,0,,,Exit,Target hit,Target hit,Exit,-27.550000000000004
2024-08-13,15.99,1,Short,14:30:00,14:30:00,14:30:00,14:30:00,79075.15,77200.0,78000,80200,80900.0,2024-08-16 00:00:00,2.0,Tuesday,38.55,111.7,96.1,30.85,0,223.4,192.2,0,22.340000000000003,19.22,,,,,138.4
2024-08-13,,0,Long,2024-08-16 09:15:00,2024-08-16 09:15:00,2024-08-16 10:31:00,2024-08-16 10:31:00,,77200.0,78000,80200,80900.0,2024-08-16 00:00:00,2.0,Tuesday,"[4.0, 4.0]","[19.0, 19.0]","[17.65, 17.65]","[2.3, 2.3]",0,,,0,,,Exit,Target hit,Target hit,Exit,-30.35
2024-08-21,13.54,1,Short,14:30:00,14:30:00,14:30:00,14:30:00,80802.23,79000.0,79800,81800,82500.0,2024-08-23 00:00:00,2.0,Wednesday,19.2,58.8,46.4,11.85,0,117.6,92.8,0,11.76,9.28,,,,,74.14999999999999
2024-08-21,,0,Long,2024-08-22 11:42:00,2024-08-22 11:42:00,2024-08-23 09:49:00,2024-08-23 09:49:00,,79000.0,79800,81800,82500.0,2024-08-23 00:00:00,2.0,Wednesday,"[3.25, 3.25]","[11.65, 11.65]","[8.85, 8.85]","[1.7, 1.7]",0,,,0,,,Exit,Target hit,Target hit,Exit,-15.55
2024-08-28,13.8,1,Short,14:30:00,14:30:00,14:30:00,14:30:00,81974.54,80200.0,81000,83000,83500.0,2024-08-30 00:00:00,2.0,Wednesday,17.3,55.35,33.85,12.1,0,110.7,67.7,0,11.07,6.7700000000000005,,,,,59.8
2024-08-28,,0,Long,2024-08-30 09:15:00,2024-08-30 09:15:00,2024-08-30 12:42:00,2024-08-30 12:42:00,,80200.0,81000,83000,83500.0,2024-08-30 00:00:00,2.0,Wednesday,"[1.9, 1.9]","[10.0, 10.0]","[6.6, 6.6]","[2.35, 2.35]",0,,,0,,,Exit,Target hit,Target hit,Exit,-12.35
2024-09-04,14.48,1,Short,14:30:00,14:30:00,14:30:00,14:30:00,82216.77,80100.0,81100,83300,84000.0,2024-09-06 00:00:00,2.0,Wednesday,16.05,49.05,39.1,13.65,0,98.1,78.2,0,9.81,7.82,,,,,58.45
2024-09-04,,0,Long,2024-09-05 12:26:00,2024-09-05 12:26:00,2024-09-05 15:03:00,2024-09-05 15:03:00,,80100.0,81100,83300,84000.0,2024-09-06 00:00:00,2.0,Wednesday,"[2.6, 2.6]","[9.65, 9.65]","[7.75, 7.75]","[2.6, 2.6]",0,,,0,,,Exit,Target hit,Target hit,Exit,-12.2
2024-09-11,13.65,1,Short,14:30:00,14:30:00,14:30:00,14:30:00,81611.96,79900.0,80600,82600,83100.0,2024-09-13 00:00:00,2.0,Wednesday,19.05,59.8,59.05,21.15,0,119.6,118.1,0,11.96,11.81,,,,,78.64999999999999
2024-09-11,,0,Long,2024-09-12 14:01:00,2024-09-12 14:01:00,2024-09-12 14:08:00,2024-09-12 14:08:00,,79900.0,80600,82600,83100.0,2024-09-13 00:00:00,2.0,Wednesday,"[3.35, 3.35]","[10.95, 10.95]","[121.9, 291.7]","[33.45, 2.65]",0,,,0,,,Exit,Target hit,SL hit,Exit,-96.04999999999998
2024-09-18,13.68,1,Short,14:30:00,14:30:00,14:30:00,14:30:00,82884.43,80900.0,81900,83900,84700.0,2024-09-20 00:00:00,2.0,Wednesday,53.8,163.1,129.65,45.1,0,326.2,259.3,0,32.62,25.930000000000003,,,,,193.85
2024-09-18,,0,Long,2024-09-19 09:16:00,2024-09-19 09:16:00,2024-09-20 10:37:00,2024-09-20 10:37:00,,80900.0,81900,83900,84700.0,2024-09-20 00:00:00,2.0,Wednesday,"[8.35, 8.35]","[24.35, 24.35]","[356.2, 305.15]","[49.4, 9.55]",0,,,0,,,Exit,Target hit,SL hit,Exit,-322.8
2024-09-25,12.86,1,Short,14:30:00,14:30:00,14:30:00,14:30:00,84964.38,83000.0,84000,86000,86800.0,2024-09-27 00:00:00,2.0,Wednesday,29.25,91.1,54.15,18.35,0,182.2,108.3,0,18.22,10.83,,,,,97.65
2024-09-25,,0,Long,2024-09-26 15:15:00,2024-09-26 15:15:00,2024-09-26 09:21:00,2024-09-26 09:21:00,,83000.0,84000,86000,86800.0,2024-09-27 00:00:00,2.0,Wednesday,"[7.75, 7.75]","[18.0, 18.0]","[110.8, 1.5]","[26.35, 0.6]",0,,,0,,,Exit,Target hit,SL hit,Exit,-94.70000000000002
2024-07-03,13.3,1,Short,14:30:00,14:30:00,14:30:00,14:30:00,79874.4,78300.0,79000,80800,81400.0,2024-07-05 00:00:00,2.0,Wednesday,30.55,98.8,69.95,24.7,0,197.6,139.9,0,19.76,13.990000000000002,,,,,113.5
2024-07-03,,0,Long,2024-07-04 12:46:00,2024-07-04 12:46:00,2024-07-05 09:16:00,2024-07-05 09:16:00,,78300.0,79000,80800,81400.0,2024-07-05 00:00:00,2.0,Wednesday,"[5.4, 5.4]","[19.35, 19.35]","[9.95, 9.95]","[2.85, 2.85]",0,,,0,,,Exit,Target hit,Target hit,Exit,-21.05
2024-07-10,14.76,1,Short,14:30:00,14:30:00,14:30:00,14:30:00,79745.2,78000.0,78700,80700,81300.0,2024-07-12 00:00:00,2.0,Wednesday,19.8,57.95,65.45,20.65,0,115.9,130.9,0,11.590000000000002,13.090000000000002,,,,,82.95
2024-07-10,,0,Long,2024-07-11 13:51:00,2024-07-11 13:51:00,2024-07-12 10:54:00,2024-07-12 10:54:00,,78000.0,78700,80700,81300.0,2024-07-12 00:00:00,2.0,Wednesday,"[2.35, 2.35]","[11.3, 11.3]","[135.8, 22.35]","[8.6, 1.5]",0,,,0,,,Exit,Target hit,SL hit,Exit,-136.15000000000003
2024-07-16,14.26,1,Short,14:30:00,14:30:00,14:30:00,14:30:00,80666.38,79000.0,79700,81700,82300.0,2024-07-19 00:00:00,2.0,Tuesday,29.6,90.0,70.3,21.8,0,180.0,140.6,0,18.0,14.06,,,,,108.9
2024-07-16,,0,Long,2024-07-18 14:44:00,2024-07-18 14:44:00,2024-07-18 14:03:00,2024-07-18 14:03:00,,79000.0,79700,81700,82300.0,2024-07-19 00:00:00,2.0,Tuesday,"[6.0, 6.0]","[17.85, 17.85]","[147.65, 2.35]","[32.75, 1.8]",0,,,0,,,Exit,Target hit,SL hit,Exit,-126.75
2024-07-24,12.09,1,Short,14:30:00,14:30:00,14:30:00,14:30:00,80056.73,78300.0,79200,81000,81800.0,2024-07-26 00:00:00,2.0,Wednesday,30.45,99.15,96.9,29.85,0,198.3,193.8,0,19.83,19.380000000000003,,,,,135.75
2024-07-24,,0,Long,2024-07-25 09:17:00,2024-07-25 09:17:00,2024-07-25 11:20:00,2024-07-25 11:20:00,,78300.0,79200,81000,81800.0,2024-07-26 00:00:00,2.0,Wednesday,"[54.6, 1.15]","[198.45, 1.7]","[18.65, 18.65]","[4.9, 4.9]",0,,,0,,,Exit,SL hit,Target hit,Exit,-157.6
2024-07-31,13.26,1,Short,14:30:00,14:30:00,14:30:00,14:30:00,81742.2,79800.0,80700,82700,83400.0,2024-08-02 00:00:00,2.0,Wednesday,27.0,82.35,86.75,26.6,0,164.7,173.5,0,16.47,17.35,,,,,115.5
2024-07-31,,0,Long,2024-08-02 11:43:00,2024-08-02 11:43:00,2024-08-02 09:16:00,2024-08-02 09:16:00,,79800.0,80700,82700,83400.0,2024-08-02 00:00:00,2.0,Wednesday,"[2.6, 2.6]","[16.45, 16.45]","[7.2, 7.2]","[1.7, 1.7]",0,,,0,,,Exit,Target hit,Target hit,Exit,-19.35
