Date,Daily PnL,SL,Initial Target,Final Target,File Path,File Name
2021-06-10,3067.26375,-4676.25,5339.06,8542.5,"NIFTY_candle_5T_range_[50, 66]_delta_0,3_time_09,30.csv",initial_sl_-4676_initial_target_6406_final_target_8542.csv
2021-06-17,-1085.49,-4676.25,5339.06,8542.5,"NIFTY_candle_5T_range_[50, 66]_delta_0,3_time_09,30.csv",initial_sl_-4676_initial_target_6406_final_target_8542.csv
2021-06-24,4581.4575,-4676.25,5339.06,8542.5,"NIFTY_candle_5T_range_[50, 66]_delta_0,3_time_09,30.csv",initial_sl_-4676_initial_target_6406_final_target_8542.csv
2021-07-01,2151.27,-4676.25,5339.06,8542.5,"NIFTY_candle_5T_range_[50, 66]_delta_0,3_time_09,30.csv",initial_sl_-4676_initial_target_6406_final_target_8542.csv
2021-07-08,-645.42375,-4676.25,5339.06,8542.5,"NIFTY_candle_5T_range_[50, 66]_delta_0,3_time_09,30.csv",initial_sl_-4676_initial_target_6406_final_target_8542.csv
2021-07-15,1945.63875,-4676.25,5339.06,8542.5,"NIFTY_candle_5T_range_[50, 66]_delta_0,3_time_09,30.csv",initial_sl_-4676_initial_target_6406_final_target_8542.csv
2021-07-22,2069.0175,-4676.25,5339.06,8542.5,"NIFTY_candle_5T_range_[50, 66]_delta_0,3_time_09,30.csv",initial_sl_-4676_initial_target_6406_final_target_8542.csv
2021-07-29,2087.71125,-4676.25,5339.06,8542.5,"NIFTY_candle_5T_range_[50, 66]_delta_0,3_time_09,30.csv",initial_sl_-4676_initial_target_6406_final_target_8542.csv
2021-08-05,1280.14125,-4676.25,5339.06,8542.5,"NIFTY_candle_5T_range_[50, 66]_delta_0,3_time_09,30.csv",initial_sl_-4676_initial_target_6406_final_target_8542.csv
2021-08-12,3119.60625,-4676.25,5339.06,8542.5,"NIFTY_candle_5T_range_[50, 66]_delta_0,3_time_09,30.csv",initial_sl_-4676_initial_target_6406_final_target_8542.csv
2021-08-18,-1258.5075,-4676.25,5339.06,8542.5,"NIFTY_candle_5T_range_[50, 66]_delta_0,3_time_09,30.csv",initial_sl_-4676_initial_target_6406_final_target_8542.csv
2021-08-26,2394.28875,-4676.25,5339.06,8542.5,"NIFTY_candle_5T_range_[50, 66]_delta_0,3_time_09,30.csv",initial_sl_-4676_initial_target_6406_final_target_8542.csv
2021-09-02,1313.79,-4676.25,5339.06,8542.5,"NIFTY_candle_5T_range_[50, 66]_delta_0,3_time_09,30.csv",initial_sl_-4676_initial_target_6406_final_target_8542.csv
2021-09-09,2383.0725,-4676.25,5339.06,8542.5,"NIFTY_candle_5T_range_[50, 66]_delta_0,3_time_09,30.csv",initial_sl_-4676_initial_target_6406_final_target_8542.csv
2021-09-16,652.03125,-4676.25,5339.06,8542.5,"NIFTY_candle_5T_range_[50, 66]_delta_0,3_time_09,30.csv",initial_sl_-4676_initial_target_6406_final_target_8542.csv
2021-09-23,1455.8625,-4676.25,5339.06,8542.5,"NIFTY_candle_5T_range_[50, 66]_delta_0,3_time_09,30.csv",initial_sl_-4676_initial_target_6406_final_target_8542.csv
2021-09-30,3545.82375,-4676.25,5339.06,8542.5,"NIFTY_candle_5T_range_[50, 66]_delta_0,3_time_09,30.csv",initial_sl_-4676_initial_target_6406_final_target_8542.csv
2021-10-07,438.9225,-4676.25,5339.06,8542.5,"NIFTY_candle_5T_range_[50, 66]_delta_0,3_time_09,30.csv",initial_sl_-4676_initial_target_6406_final_target_8542.csv
2021-10-14,1934.4225,-4676.25,5339.06,8542.5,"NIFTY_candle_5T_range_[50, 66]_delta_0,3_time_09,30.csv",initial_sl_-4676_initial_target_6406_final_target_8542.csv
2021-10-21,3639.2925,-4676.25,5339.06,8542.5,"NIFTY_candle_5T_range_[50, 66]_delta_0,3_time_09,30.csv",initial_sl_-4676_initial_target_6406_final_target_8542.csv
2021-10-28,1167.97875,-4676.25,5339.06,8542.5,"NIFTY_candle_5T_range_[50, 66]_delta_0,3_time_09,30.csv",initial_sl_-4676_initial_target_6406_final_target_8542.csv
2021-11-03,524.91375,-4676.25,5339.06,8542.5,"NIFTY_candle_5T_range_[50, 66]_delta_0,3_time_09,30.csv",initial_sl_-4676_initial_target_6406_final_target_8542.csv
2021-11-11,5396.505,5339.06,6406.88,8542.5,"NIFTY_candle_5T_range_[50, 66]_delta_0,3_time_09,30.csv",initial_sl_-4676_initial_target_6406_final_target_8542.csv
2021-11-18,169.7325,5339.06,6406.88,8542.5,"NIFTY_candle_5T_range_[50, 66]_delta_0,3_time_09,30.csv",initial_sl_-4676_initial_target_6406_final_target_8542.csv
2021-11-25,121.12875,5339.06,6406.88,8542.5,"NIFTY_candle_5T_range_[50, 66]_delta_0,3_time_09,30.csv",initial_sl_-4676_initial_target_6406_final_target_8542.csv
2021-12-02,177.21,5339.06,6406.88,8542.5,"NIFTY_candle_5T_range_[50, 66]_delta_0,3_time_09,30.csv",initial_sl_-4676_initial_target_6406_final_target_8542.csv
2021-12-09,20.15,5339.06,6406.88,8542.5,"NIFTY_candle_5T_range_[50, 66]_delta_0,3_time_09,30.csv",initial_sl_-4676_initial_target_6406_final_target_8542.csv
2021-12-16,-13.6,5339.06,6406.88,8542.5,"NIFTY_candle_5T_range_[50, 66]_delta_0,3_time_09,30.csv",initial_sl_-4676_initial_target_6406_final_target_8542.csv
2021-12-23,53.83125,5339.06,6406.88,8542.5,"NIFTY_candle_5T_range_[50, 66]_delta_0,3_time_09,30.csv",initial_sl_-4676_initial_target_6406_final_target_8542.csv
2021-12-30,-62.43,5339.06,6406.88,8542.5,"NIFTY_candle_5T_range_[50, 66]_delta_0,3_time_09,30.csv",initial_sl_-4676_initial_target_6406_final_target_8542.csv
2022-01-06,38.87625,5339.06,6406.88,8542.5,"NIFTY_candle_5T_range_[50, 66]_delta_0,3_time_09,30.csv",initial_sl_-4676_initial_target_6406_final_target_8542.csv
2022-01-13,57.57,5339.06,6406.88,8542.5,"NIFTY_candle_5T_range_[50, 66]_delta_0,3_time_09,30.csv",initial_sl_-4676_initial_target_6406_final_target_8542.csv
2022-01-20,94.9575,5339.06,6406.88,8542.5,"NIFTY_candle_5T_range_[50, 66]_delta_0,3_time_09,30.csv",initial_sl_-4676_initial_target_6406_final_target_8542.csv
2022-01-27,-107.565,5339.06,6406.88,8542.5,"NIFTY_candle_5T_range_[50, 66]_delta_0,3_time_09,30.csv",initial_sl_-4676_initial_target_6406_final_target_8542.csv
2022-02-03,27.65,5339.06,6406.88,8542.5,"NIFTY_candle_5T_range_[50, 66]_delta_0,3_time_09,30.csv",initial_sl_-4676_initial_target_6406_final_target_8542.csv
2022-02-10,1.4500000000000002,5339.06,6406.88,8542.5,"NIFTY_candle_5T_range_[50, 66]_delta_0,3_time_09,30.csv",initial_sl_-4676_initial_target_6406_final_target_8542.csv
2022-02-17,-412.22625,5339.06,6406.88,8542.5,"NIFTY_candle_5T_range_[50, 66]_delta_0,3_time_09,30.csv",initial_sl_-4676_initial_target_6406_final_target_8542.csv
2022-02-24,31.39875,5339.06,6406.88,8542.5,"NIFTY_candle_5T_range_[50, 66]_delta_0,3_time_09,30.csv",initial_sl_-4676_initial_target_6406_final_target_8542.csv
2022-03-03,-32.35,5339.06,6406.88,8542.5,"NIFTY_candle_5T_range_[50, 66]_delta_0,3_time_09,30.csv",initial_sl_-4676_initial_target_6406_final_target_8542.csv
2022-03-10,27.65,5339.06,6406.88,8542.5,"NIFTY_candle_5T_range_[50, 66]_delta_0,3_time_09,30.csv",initial_sl_-4676_initial_target_6406_final_target_8542.csv
2022-03-17,128.60625,5339.06,6406.88,8542.5,"NIFTY_candle_5T_range_[50, 66]_delta_0,3_time_09,30.csv",initial_sl_-4676_initial_target_6406_final_target_8542.csv
2022-03-24,106.17375,5339.06,6406.88,8542.5,"NIFTY_candle_5T_range_[50, 66]_delta_0,3_time_09,30.csv",initial_sl_-4676_initial_target_6406_final_target_8542.csv
2022-03-31,35.1375,5339.06,6406.88,8542.5,"NIFTY_candle_5T_range_[50, 66]_delta_0,3_time_09,30.csv",initial_sl_-4676_initial_target_6406_final_target_8542.csv
2022-04-07,-9.8,5339.06,6406.88,8542.5,"NIFTY_candle_5T_range_[50, 66]_delta_0,3_time_09,30.csv",initial_sl_-4676_initial_target_6406_final_target_8542.csv
2022-04-13,65.0475,5339.06,6406.88,8542.5,"NIFTY_candle_5T_range_[50, 66]_delta_0,3_time_09,30.csv",initial_sl_-4676_initial_target_6406_final_target_8542.csv
2022-04-21,-32.35,5339.06,6406.88,8542.5,"NIFTY_candle_5T_range_[50, 66]_delta_0,3_time_09,30.csv",initial_sl_-4676_initial_target_6406_final_target_8542.csv
2022-04-28,-39.8625,5339.06,6406.88,8542.5,"NIFTY_candle_5T_range_[50, 66]_delta_0,3_time_09,30.csv",initial_sl_-4676_initial_target_6406_final_target_8542.csv
2022-05-05,128.60625,5339.06,6406.88,8542.5,"NIFTY_candle_5T_range_[50, 66]_delta_0,3_time_09,30.csv",initial_sl_-4676_initial_target_6406_final_target_8542.csv
2022-05-12,-235.4475,5339.06,6406.88,8542.5,"NIFTY_candle_5T_range_[50, 66]_delta_0,3_time_09,30.csv",initial_sl_-4676_initial_target_6406_final_target_8542.csv
2022-05-19,38.87625,5339.06,6406.88,8542.5,"NIFTY_candle_5T_range_[50, 66]_delta_0,3_time_09,30.csv",initial_sl_-4676_initial_target_6406_final_target_8542.csv
2022-05-26,87.48,5339.06,6406.88,8542.5,"NIFTY_candle_5T_range_[50, 66]_delta_0,3_time_09,30.csv",initial_sl_-4676_initial_target_6406_final_target_8542.csv
2022-06-02,83.74125,5339.06,6406.88,8542.5,"NIFTY_candle_5T_range_[50, 66]_delta_0,3_time_09,30.csv",initial_sl_-4676_initial_target_6406_final_target_8542.csv
2022-06-09,31.39875,5339.06,6406.88,8542.5,"NIFTY_candle_5T_range_[50, 66]_delta_0,3_time_09,30.csv",initial_sl_-4676_initial_target_6406_final_target_8542.csv
2022-06-16,-32.35,5339.06,6406.88,8542.5,"NIFTY_candle_5T_range_[50, 66]_delta_0,3_time_09,30.csv",initial_sl_-4676_initial_target_6406_final_target_8542.csv
2022-06-23,184.6875,5339.06,6406.88,8542.5,"NIFTY_candle_5T_range_[50, 66]_delta_0,3_time_09,30.csv",initial_sl_-4676_initial_target_6406_final_target_8542.csv
2022-06-30,-9.8,5339.06,6406.88,8542.5,"NIFTY_candle_5T_range_[50, 66]_delta_0,3_time_09,30.csv",initial_sl_-4676_initial_target_6406_final_target_8542.csv
2022-07-07,237.03,5339.06,6406.88,8542.5,"NIFTY_candle_5T_range_[50, 66]_delta_0,3_time_09,30.csv",initial_sl_-4676_initial_target_6406_final_target_8542.csv
2022-07-14,154.7775,5339.06,6406.88,8542.5,"NIFTY_candle_5T_range_[50, 66]_delta_0,3_time_09,30.csv",initial_sl_-4676_initial_target_6406_final_target_8542.csv
2022-07-21,-69.9525,5339.06,6406.88,8542.5,"NIFTY_candle_5T_range_[50, 66]_delta_0,3_time_09,30.csv",initial_sl_-4676_initial_target_6406_final_target_8542.csv
2022-07-28,31.39875,5339.06,6406.88,8542.5,"NIFTY_candle_5T_range_[50, 66]_delta_0,3_time_09,30.csv",initial_sl_-4676_initial_target_6406_final_target_8542.csv
2022-08-04,-32.35,5339.06,6406.88,8542.5,"NIFTY_candle_5T_range_[50, 66]_delta_0,3_time_09,30.csv",initial_sl_-4676_initial_target_6406_final_target_8542.csv
2022-08-11,-66.19125,5339.06,6406.88,8542.5,"NIFTY_candle_5T_range_[50, 66]_delta_0,3_time_09,30.csv",initial_sl_-4676_initial_target_6406_final_target_8542.csv
2022-08-18,1.4500000000000002,5339.06,6406.88,8542.5,"NIFTY_candle_5T_range_[50, 66]_delta_0,3_time_09,30.csv",initial_sl_-4676_initial_target_6406_final_target_8542.csv
2022-08-25,38.87625,5339.06,6406.88,8542.5,"NIFTY_candle_5T_range_[50, 66]_delta_0,3_time_09,30.csv",initial_sl_-4676_initial_target_6406_final_target_8542.csv
2022-09-01,251.985,5339.06,6406.88,8542.5,"NIFTY_candle_5T_range_[50, 66]_delta_0,3_time_09,30.csv",initial_sl_-4676_initial_target_6406_final_target_8542.csv
2022-09-08,-24.85,5339.06,6406.88,8542.5,"NIFTY_candle_5T_range_[50, 66]_delta_0,3_time_09,30.csv",initial_sl_-4676_initial_target_6406_final_target_8542.csv
2022-09-15,109.9125,5339.06,6406.88,8542.5,"NIFTY_candle_5T_range_[50, 66]_delta_0,3_time_09,30.csv",initial_sl_-4676_initial_target_6406_final_target_8542.csv
2022-09-22,281.895,5339.06,6406.88,8542.5,"NIFTY_candle_5T_range_[50, 66]_delta_0,3_time_09,30.csv",initial_sl_-4676_initial_target_6406_final_target_8542.csv
2022-09-29,42.615,5339.06,6406.88,8542.5,"NIFTY_candle_5T_range_[50, 66]_delta_0,3_time_09,30.csv",initial_sl_-4676_initial_target_6406_final_target_8542.csv
2022-10-06,169.7325,5339.06,6406.88,8542.5,"NIFTY_candle_5T_range_[50, 66]_delta_0,3_time_09,30.csv",initial_sl_-4676_initial_target_6406_final_target_8542.csv
2022-10-13,-13.6,5339.06,6406.88,8542.5,"NIFTY_candle_5T_range_[50, 66]_delta_0,3_time_09,30.csv",initial_sl_-4676_initial_target_6406_final_target_8542.csv
2022-10-20,143.56125,5339.06,6406.88,8542.5,"NIFTY_candle_5T_range_[50, 66]_delta_0,3_time_09,30.csv",initial_sl_-4676_initial_target_6406_final_target_8542.csv
2022-10-27,23.9,5339.06,6406.88,8542.5,"NIFTY_candle_5T_range_[50, 66]_delta_0,3_time_09,30.csv",initial_sl_-4676_initial_target_6406_final_target_8542.csv
2022-11-03,124.8675,5339.06,6406.88,8542.5,"NIFTY_candle_5T_range_[50, 66]_delta_0,3_time_09,30.csv",initial_sl_-4676_initial_target_6406_final_target_8542.csv
2022-11-10,72.525,5339.06,6406.88,8542.5,"NIFTY_candle_5T_range_[50, 66]_delta_0,3_time_09,30.csv",initial_sl_-4676_initial_target_6406_final_target_8542.csv
2022-11-17,-62.43,5339.06,6406.88,8542.5,"NIFTY_candle_5T_range_[50, 66]_delta_0,3_time_09,30.csv",initial_sl_-4676_initial_target_6406_final_target_8542.csv
2022-11-24,20.15,5339.06,6406.88,8542.5,"NIFTY_candle_5T_range_[50, 66]_delta_0,3_time_09,30.csv",initial_sl_-4676_initial_target_6406_final_target_8542.csv
2022-12-01,16.4,5339.06,6406.88,8542.5,"NIFTY_candle_5T_range_[50, 66]_delta_0,3_time_09,30.csv",initial_sl_-4676_initial_target_6406_final_target_8542.csv
2022-12-08,76.26375,5339.06,6406.88,8542.5,"NIFTY_candle_5T_range_[50, 66]_delta_0,3_time_09,30.csv",initial_sl_-4676_initial_target_6406_final_target_8542.csv
2022-12-15,38.87625,5339.06,6406.88,8542.5,"NIFTY_candle_5T_range_[50, 66]_delta_0,3_time_09,30.csv",initial_sl_-4676_initial_target_6406_final_target_8542.csv
2022-12-22,-130.1325,5339.06,6406.88,8542.5,"NIFTY_candle_5T_range_[50, 66]_delta_0,3_time_09,30.csv",initial_sl_-4676_initial_target_6406_final_target_8542.csv
2022-12-29,80.0025,5339.06,6406.88,8542.5,"NIFTY_candle_5T_range_[50, 66]_delta_0,3_time_09,30.csv",initial_sl_-4676_initial_target_6406_final_target_8542.csv
2023-01-05,-17.35,5339.06,6406.88,8542.5,"NIFTY_candle_5T_range_[50, 66]_delta_0,3_time_09,30.csv",initial_sl_-4676_initial_target_6406_final_target_8542.csv
2023-01-12,121.12875,5339.06,6406.88,8542.5,"NIFTY_candle_5T_range_[50, 66]_delta_0,3_time_09,30.csv",initial_sl_-4676_initial_target_6406_final_target_8542.csv
2023-01-19,1.4500000000000002,5339.06,6406.88,8542.5,"NIFTY_candle_5T_range_[50, 66]_delta_0,3_time_09,30.csv",initial_sl_-4676_initial_target_6406_final_target_8542.csv
2023-01-25,20.15,5339.06,6406.88,8542.5,"NIFTY_candle_5T_range_[50, 66]_delta_0,3_time_09,30.csv",initial_sl_-4676_initial_target_6406_final_target_8542.csv
2023-02-09,-24.85,5339.06,6406.88,8542.5,"NIFTY_candle_5T_range_[50, 66]_delta_0,3_time_09,30.csv",initial_sl_-4676_initial_target_6406_final_target_8542.csv
2023-02-16,-13.6,5339.06,6406.88,8542.5,"NIFTY_candle_5T_range_[50, 66]_delta_0,3_time_09,30.csv",initial_sl_-4676_initial_target_6406_final_target_8542.csv
2023-02-23,-205.3575,5339.06,6406.88,8542.5,"NIFTY_candle_5T_range_[50, 66]_delta_0,3_time_09,30.csv",initial_sl_-4676_initial_target_6406_final_target_8542.csv
2023-03-02,-115.0875,5339.06,6406.88,8542.5,"NIFTY_candle_5T_range_[50, 66]_delta_0,3_time_09,30.csv",initial_sl_-4676_initial_target_6406_final_target_8542.csv
2023-03-09,-58.66875,5339.06,6406.88,8542.5,"NIFTY_candle_5T_range_[50, 66]_delta_0,3_time_09,30.csv",initial_sl_-4676_initial_target_6406_final_target_8542.csv
2023-03-16,-118.84875,5339.06,6406.88,8542.5,"NIFTY_candle_5T_range_[50, 66]_delta_0,3_time_09,30.csv",initial_sl_-4676_initial_target_6406_final_target_8542.csv
2023-03-23,-13.6,5339.06,6406.88,8542.5,"NIFTY_candle_5T_range_[50, 66]_delta_0,3_time_09,30.csv",initial_sl_-4676_initial_target_6406_final_target_8542.csv
2023-03-29,76.26375,5339.06,6406.88,8542.5,"NIFTY_candle_5T_range_[50, 66]_delta_0,3_time_09,30.csv",initial_sl_-4676_initial_target_6406_final_target_8542.csv
2023-04-06,1.4500000000000002,5339.06,6406.88,8542.5,"NIFTY_candle_5T_range_[50, 66]_delta_0,3_time_09,30.csv",initial_sl_-4676_initial_target_6406_final_target_8542.csv
2023-04-13,-62.43,5339.06,6406.88,8542.5,"NIFTY_candle_5T_range_[50, 66]_delta_0,3_time_09,30.csv",initial_sl_-4676_initial_target_6406_final_target_8542.csv
2023-04-20,46.35375,5339.06,6406.88,8542.5,"NIFTY_candle_5T_range_[50, 66]_delta_0,3_time_09,30.csv",initial_sl_-4676_initial_target_6406_final_target_8542.csv
2023-04-27,-21.1,5339.06,6406.88,8542.5,"NIFTY_candle_5T_range_[50, 66]_delta_0,3_time_09,30.csv",initial_sl_-4676_initial_target_6406_final_target_8542.csv
2023-05-04,42.615,5339.06,6406.88,8542.5,"NIFTY_candle_5T_range_[50, 66]_delta_0,3_time_09,30.csv",initial_sl_-4676_initial_target_6406_final_target_8542.csv
2023-05-11,42.615,5339.06,6406.88,8542.5,"NIFTY_candle_5T_range_[50, 66]_delta_0,3_time_09,30.csv",initial_sl_-4676_initial_target_6406_final_target_8542.csv
2023-05-18,72.525,5339.06,6406.88,8542.5,"NIFTY_candle_5T_range_[50, 66]_delta_0,3_time_09,30.csv",initial_sl_-4676_initial_target_6406_final_target_8542.csv
2023-05-25,61.30875,5339.06,6406.88,8542.5,"NIFTY_candle_5T_range_[50, 66]_delta_0,3_time_09,30.csv",initial_sl_-4676_initial_target_6406_final_target_8542.csv
2023-06-01,-54.9075,5339.06,6406.88,8542.5,"NIFTY_candle_5T_range_[50, 66]_delta_0,3_time_09,30.csv",initial_sl_-4676_initial_target_6406_final_target_8542.csv
2023-06-08,-13.6,5339.06,6406.88,8542.5,"NIFTY_candle_5T_range_[50, 66]_delta_0,3_time_09,30.csv",initial_sl_-4676_initial_target_6406_final_target_8542.csv
2023-06-15,8.9,5339.06,6406.88,8542.5,"NIFTY_candle_5T_range_[50, 66]_delta_0,3_time_09,30.csv",initial_sl_-4676_initial_target_6406_final_target_8542.csv
2023-06-22,20.15,5339.06,6406.88,8542.5,"NIFTY_candle_5T_range_[50, 66]_delta_0,3_time_09,30.csv",initial_sl_-4676_initial_target_6406_final_target_8542.csv
2023-06-28,46.35375,5339.06,6406.88,8542.5,"NIFTY_candle_5T_range_[50, 66]_delta_0,3_time_09,30.csv",initial_sl_-4676_initial_target_6406_final_target_8542.csv
2023-07-06,12.65,5339.06,6406.88,8542.5,"NIFTY_candle_5T_range_[50, 66]_delta_0,3_time_09,30.csv",initial_sl_-4676_initial_target_6406_final_target_8542.csv
2023-07-13,50.0925,5339.06,6406.88,8542.5,"NIFTY_candle_5T_range_[50, 66]_delta_0,3_time_09,30.csv",initial_sl_-4676_initial_target_6406_final_target_8542.csv
2023-07-20,139.8225,5339.06,6406.88,8542.5,"NIFTY_candle_5T_range_[50, 66]_delta_0,3_time_09,30.csv",initial_sl_-4676_initial_target_6406_final_target_8542.csv
2023-07-27,76.26375,5339.06,6406.88,8542.5,"NIFTY_candle_5T_range_[50, 66]_delta_0,3_time_09,30.csv",initial_sl_-4676_initial_target_6406_final_target_8542.csv
2023-08-03,154.7775,5339.06,6406.88,8542.5,"NIFTY_candle_5T_range_[50, 66]_delta_0,3_time_09,30.csv",initial_sl_-4676_initial_target_6406_final_target_8542.csv
2023-08-10,-36.10125,5339.06,6406.88,8542.5,"NIFTY_candle_5T_range_[50, 66]_delta_0,3_time_09,30.csv",initial_sl_-4676_initial_target_6406_final_target_8542.csv
2023-08-17,-81.23625,5339.06,6406.88,8542.5,"NIFTY_candle_5T_range_[50, 66]_delta_0,3_time_09,30.csv",initial_sl_-4676_initial_target_6406_final_target_8542.csv
2023-08-24,23.9,5339.06,6406.88,8542.5,"NIFTY_candle_5T_range_[50, 66]_delta_0,3_time_09,30.csv",initial_sl_-4676_initial_target_6406_final_target_8542.csv
2023-08-31,53.83125,5339.06,6406.88,8542.5,"NIFTY_candle_5T_range_[50, 66]_delta_0,3_time_09,30.csv",initial_sl_-4676_initial_target_6406_final_target_8542.csv
2023-09-07,35.1375,5339.06,6406.88,8542.5,"NIFTY_candle_5T_range_[50, 66]_delta_0,3_time_09,30.csv",initial_sl_-4676_initial_target_6406_final_target_8542.csv
2023-09-14,16.4,5339.06,6406.88,8542.5,"NIFTY_candle_5T_range_[50, 66]_delta_0,3_time_09,30.csv",initial_sl_-4676_initial_target_6406_final_target_8542.csv
2023-09-21,94.9575,5339.06,6406.88,8542.5,"NIFTY_candle_5T_range_[50, 66]_delta_0,3_time_09,30.csv",initial_sl_-4676_initial_target_6406_final_target_8542.csv
2023-09-28,5.2,5339.06,6406.88,8542.5,"NIFTY_candle_5T_range_[50, 66]_delta_0,3_time_09,30.csv",initial_sl_-4676_initial_target_6406_final_target_8542.csv
2023-10-05,-21.1,5339.06,6406.88,8542.5,"NIFTY_candle_5T_range_[50, 66]_delta_0,3_time_09,30.csv",initial_sl_-4676_initial_target_6406_final_target_8542.csv
2023-10-12,76.26375,5339.06,6406.88,8542.5,"NIFTY_candle_5T_range_[50, 66]_delta_0,3_time_09,30.csv",initial_sl_-4676_initial_target_6406_final_target_8542.csv
2023-10-19,5.2,5339.06,6406.88,8542.5,"NIFTY_candle_5T_range_[50, 66]_delta_0,3_time_09,30.csv",initial_sl_-4676_initial_target_6406_final_target_8542.csv
2023-10-26,87.48,5339.06,6406.88,8542.5,"NIFTY_candle_5T_range_[50, 66]_delta_0,3_time_09,30.csv",initial_sl_-4676_initial_target_6406_final_target_8542.csv
2023-11-02,-21.1,5339.06,6406.88,8542.5,"NIFTY_candle_5T_range_[50, 66]_delta_0,3_time_09,30.csv",initial_sl_-4676_initial_target_6406_final_target_8542.csv
2023-11-09,-54.9075,5339.06,6406.88,8542.5,"NIFTY_candle_5T_range_[50, 66]_delta_0,3_time_09,30.csv",initial_sl_-4676_initial_target_6406_final_target_8542.csv
2023-11-16,27.65,5339.06,6406.88,8542.5,"NIFTY_candle_5T_range_[50, 66]_delta_0,3_time_09,30.csv",initial_sl_-4676_initial_target_6406_final_target_8542.csv
2023-11-23,12.65,5339.06,6406.88,8542.5,"NIFTY_candle_5T_range_[50, 66]_delta_0,3_time_09,30.csv",initial_sl_-4676_initial_target_6406_final_target_8542.csv
2023-11-30,65.0475,5339.06,6406.88,8542.5,"NIFTY_candle_5T_range_[50, 66]_delta_0,3_time_09,30.csv",initial_sl_-4676_initial_target_6406_final_target_8542.csv
2023-12-07,-107.565,5339.06,6406.88,8542.5,"NIFTY_candle_5T_range_[50, 66]_delta_0,3_time_09,30.csv",initial_sl_-4676_initial_target_6406_final_target_8542.csv
2023-12-14,-36.10125,5339.06,6406.88,8542.5,"NIFTY_candle_5T_range_[50, 66]_delta_0,3_time_09,30.csv",initial_sl_-4676_initial_target_6406_final_target_8542.csv
2023-12-21,12.65,5339.06,6406.88,8542.5,"NIFTY_candle_5T_range_[50, 66]_delta_0,3_time_09,30.csv",initial_sl_-4676_initial_target_6406_final_target_8542.csv
2023-12-28,-107.565,5339.06,6406.88,8542.5,"NIFTY_candle_5T_range_[50, 66]_delta_0,3_time_09,30.csv",initial_sl_-4676_initial_target_6406_final_target_8542.csv
2024-01-04,-21.1,5339.06,6406.88,8542.5,"NIFTY_candle_5T_range_[50, 66]_delta_0,3_time_09,30.csv",initial_sl_-4676_initial_target_6406_final_target_8542.csv
2024-01-11,20.15,5339.06,6406.88,8542.5,"NIFTY_candle_5T_range_[50, 66]_delta_0,3_time_09,30.csv",initial_sl_-4676_initial_target_6406_final_target_8542.csv
2024-01-18,-6.05,5339.06,6406.88,8542.5,"NIFTY_candle_5T_range_[50, 66]_delta_0,3_time_09,30.csv",initial_sl_-4676_initial_target_6406_final_target_8542.csv
2024-01-25,1.4500000000000002,5339.06,6406.88,8542.5,"NIFTY_candle_5T_range_[50, 66]_delta_0,3_time_09,30.csv",initial_sl_-4676_initial_target_6406_final_target_8542.csv
2024-02-01,27.65,5339.06,6406.88,8542.5,"NIFTY_candle_5T_range_[50, 66]_delta_0,3_time_09,30.csv",initial_sl_-4676_initial_target_6406_final_target_8542.csv
2024-02-08,1.4500000000000002,5339.06,6406.88,8542.5,"NIFTY_candle_5T_range_[50, 66]_delta_0,3_time_09,30.csv",initial_sl_-4676_initial_target_6406_final_target_8542.csv
2024-02-15,-84.9975,5339.06,6406.88,8542.5,"NIFTY_candle_5T_range_[50, 66]_delta_0,3_time_09,30.csv",initial_sl_-4676_initial_target_6406_final_target_8542.csv
2024-02-22,-423.51,5339.06,6406.88,8542.5,"NIFTY_candle_5T_range_[50, 66]_delta_0,3_time_09,30.csv",initial_sl_-4676_initial_target_6406_final_target_8542.csv
2024-02-29,-43.62375,5339.06,6406.88,8542.5,"NIFTY_candle_5T_range_[50, 66]_delta_0,3_time_09,30.csv",initial_sl_-4676_initial_target_6406_final_target_8542.csv
2024-03-07,-39.8625,5339.06,6406.88,8542.5,"NIFTY_candle_5T_range_[50, 66]_delta_0,3_time_09,30.csv",initial_sl_-4676_initial_target_6406_final_target_8542.csv
2024-03-14,117.39,5339.06,6406.88,8542.5,"NIFTY_candle_5T_range_[50, 66]_delta_0,3_time_09,30.csv",initial_sl_-4676_initial_target_6406_final_target_8542.csv
2024-03-21,-43.62375,5339.06,6406.88,8542.5,"NIFTY_candle_5T_range_[50, 66]_delta_0,3_time_09,30.csv",initial_sl_-4676_initial_target_6406_final_target_8542.csv
2024-03-28,-39.8625,5339.06,6406.88,8542.5,"NIFTY_candle_5T_range_[50, 66]_delta_0,3_time_09,30.csv",initial_sl_-4676_initial_target_6406_final_target_8542.csv
2024-04-04,-731.9325,5339.06,6406.88,8542.5,"NIFTY_candle_5T_range_[50, 66]_delta_0,3_time_09,30.csv",initial_sl_-4676_initial_target_6406_final_target_8542.csv
2024-04-10,128.60625,5339.06,6406.88,8542.5,"NIFTY_candle_5T_range_[50, 66]_delta_0,3_time_09,30.csv",initial_sl_-4676_initial_target_6406_final_target_8542.csv
2024-04-18,-235.4475,5339.06,6406.88,8542.5,"NIFTY_candle_5T_range_[50, 66]_delta_0,3_time_09,30.csv",initial_sl_-4676_initial_target_6406_final_target_8542.csv
2024-04-25,12.65,5339.06,6406.88,8542.5,"NIFTY_candle_5T_range_[50, 66]_delta_0,3_time_09,30.csv",initial_sl_-4676_initial_target_6406_final_target_8542.csv
2024-05-02,-13.6,5339.06,6406.88,8542.5,"NIFTY_candle_5T_range_[50, 66]_delta_0,3_time_09,30.csv",initial_sl_-4676_initial_target_6406_final_target_8542.csv
2024-05-09,151.03875,5339.06,6406.88,8542.5,"NIFTY_candle_5T_range_[50, 66]_delta_0,3_time_09,30.csv",initial_sl_-4676_initial_target_6406_final_target_8542.csv
2024-05-16,-103.80375,5339.06,6406.88,8542.5,"NIFTY_candle_5T_range_[50, 66]_delta_0,3_time_09,30.csv",initial_sl_-4676_initial_target_6406_final_target_8542.csv
2024-05-23,-62.43,5339.06,6406.88,8542.5,"NIFTY_candle_5T_range_[50, 66]_delta_0,3_time_09,30.csv",initial_sl_-4676_initial_target_6406_final_target_8542.csv
2024-06-13,65.0475,5339.06,6406.88,8542.5,"NIFTY_candle_5T_range_[50, 66]_delta_0,3_time_09,30.csv",initial_sl_-4676_initial_target_6406_final_target_8542.csv
2024-06-20,-54.9075,5339.06,6406.88,8542.5,"NIFTY_candle_5T_range_[50, 66]_delta_0,3_time_09,30.csv",initial_sl_-4676_initial_target_6406_final_target_8542.csv
2024-06-27,-156.46125,5339.06,6406.88,8542.5,"NIFTY_candle_5T_range_[50, 66]_delta_0,3_time_09,30.csv",initial_sl_-4676_initial_target_6406_final_target_8542.csv
2024-07-04,12.65,5339.06,6406.88,8542.5,"NIFTY_candle_5T_range_[50, 66]_delta_0,3_time_09,30.csv",initial_sl_-4676_initial_target_6406_final_target_8542.csv
2024-07-11,-92.52,5339.06,6406.88,8542.5,"NIFTY_candle_5T_range_[50, 66]_delta_0,3_time_09,30.csv",initial_sl_-4676_initial_target_6406_final_target_8542.csv
2024-07-18,-36.10125,5339.06,6406.88,8542.5,"NIFTY_candle_5T_range_[50, 66]_delta_0,3_time_09,30.csv",initial_sl_-4676_initial_target_6406_final_target_8542.csv
2024-07-25,151.03875,5339.06,6406.88,8542.5,"NIFTY_candle_5T_range_[50, 66]_delta_0,3_time_09,30.csv",initial_sl_-4676_initial_target_6406_final_target_8542.csv
2024-08-01,-6.05,5339.06,6406.88,8542.5,"NIFTY_candle_5T_range_[50, 66]_delta_0,3_time_09,30.csv",initial_sl_-4676_initial_target_6406_final_target_8542.csv
2024-08-08,-163.98375,5339.06,6406.88,8542.5,"NIFTY_candle_5T_range_[50, 66]_delta_0,3_time_09,30.csv",initial_sl_-4676_initial_target_6406_final_target_8542.csv
2024-08-14,98.69625,5339.06,6406.88,8542.5,"NIFTY_candle_5T_range_[50, 66]_delta_0,3_time_09,30.csv",initial_sl_-4676_initial_target_6406_final_target_8542.csv
2024-08-22,-9.8,5339.06,6406.88,8542.5,"NIFTY_candle_5T_range_[50, 66]_delta_0,3_time_09,30.csv",initial_sl_-4676_initial_target_6406_final_target_8542.csv
2024-08-29,251.985,5339.06,6406.88,8542.5,"NIFTY_candle_5T_range_[50, 66]_delta_0,3_time_09,30.csv",initial_sl_-4676_initial_target_6406_final_target_8542.csv
2024-09-05,390.31875,5339.06,6406.88,8542.5,"NIFTY_candle_5T_range_[50, 66]_delta_0,3_time_09,30.csv",initial_sl_-4676_initial_target_6406_final_target_8542.csv
2024-09-12,-62.43,5339.06,6406.88,8542.5,"NIFTY_candle_5T_range_[50, 66]_delta_0,3_time_09,30.csv",initial_sl_-4676_initial_target_6406_final_target_8542.csv
2024-09-19,266.94,5339.06,6406.88,8542.5,"NIFTY_candle_5T_range_[50, 66]_delta_0,3_time_09,30.csv",initial_sl_-4676_initial_target_6406_final_target_8542.csv
2024-09-26,-6.05,5339.06,6406.88,8542.5,"NIFTY_candle_5T_range_[50, 66]_delta_0,3_time_09,30.csv",initial_sl_-4676_initial_target_6406_final_target_8542.csv
2024-10-03,300.58875,5339.06,6406.88,8542.5,"NIFTY_candle_5T_range_[50, 66]_delta_0,3_time_09,30.csv",initial_sl_-4676_initial_target_6406_final_target_8542.csv
2024-10-10,-227.925,5339.06,6406.88,8542.5,"NIFTY_candle_5T_range_[50, 66]_delta_0,3_time_09,30.csv",initial_sl_-4676_initial_target_6406_final_target_8542.csv
2024-10-17,106.17375,5339.06,6406.88,8542.5,"NIFTY_candle_5T_range_[50, 66]_delta_0,3_time_09,30.csv",initial_sl_-4676_initial_target_6406_final_target_8542.csv
2024-10-24,-6.05,5339.06,6406.88,8542.5,"NIFTY_candle_5T_range_[50, 66]_delta_0,3_time_09,30.csv",initial_sl_-4676_initial_target_6406_final_target_8542.csv
2024-10-31,50.0925,5339.06,6406.88,8542.5,"NIFTY_candle_5T_range_[50, 66]_delta_0,3_time_09,30.csv",initial_sl_-4676_initial_target_6406_final_target_8542.csv
2024-11-07,278.15625,5339.06,6406.88,8542.5,"NIFTY_candle_5T_range_[50, 66]_delta_0,3_time_09,30.csv",initial_sl_-4676_initial_target_6406_final_target_8542.csv
2024-11-14,427.70625,5339.06,6406.88,8542.5,"NIFTY_candle_5T_range_[50, 66]_delta_0,3_time_09,30.csv",initial_sl_-4676_initial_target_6406_final_target_8542.csv
2024-11-21,76.26375,5339.06,6406.88,8542.5,"NIFTY_candle_5T_range_[50, 66]_delta_0,3_time_09,30.csv",initial_sl_-4676_initial_target_6406_final_target_8542.csv
2024-11-28,513.6975,5339.06,6406.88,8542.5,"NIFTY_candle_5T_range_[50, 66]_delta_0,3_time_09,30.csv",initial_sl_-4676_initial_target_6406_final_target_8542.csv
2024-12-05,-133.89375,5339.06,6406.88,8542.5,"NIFTY_candle_5T_range_[50, 66]_delta_0,3_time_09,30.csv",initial_sl_-4676_initial_target_6406_final_target_8542.csv
2024-12-12,-592.76625,5339.06,6406.88,8542.5,"NIFTY_candle_5T_range_[50, 66]_delta_0,3_time_09,30.csv",initial_sl_-4676_initial_target_6406_final_target_8542.csv
2024-12-19,203.38125,5339.06,6406.88,8542.5,"NIFTY_candle_5T_range_[50, 66]_delta_0,3_time_09,30.csv",initial_sl_-4676_initial_target_6406_final_target_8542.csv
2024-12-26,-100.0425,5339.06,6406.88,8542.5,"NIFTY_candle_5T_range_[50, 66]_delta_0,3_time_09,30.csv",initial_sl_-4676_initial_target_6406_final_target_8542.csv
2025-01-02,371.625,5339.06,6406.88,8542.5,"NIFTY_candle_5T_range_[50, 66]_delta_0,3_time_09,30.csv",initial_sl_-4676_initial_target_6406_final_target_8542.csv
2025-01-09,-66.19125,5339.06,6406.88,8542.5,"NIFTY_candle_5T_range_[50, 66]_delta_0,3_time_09,30.csv",initial_sl_-4676_initial_target_6406_final_target_8542.csv
2025-01-16,-32.35,5339.06,6406.88,8542.5,"NIFTY_candle_5T_range_[50, 66]_delta_0,3_time_09,30.csv",initial_sl_-4676_initial_target_6406_final_target_8542.csv
2025-01-23,12.65,5339.06,6406.88,8542.5,"NIFTY_candle_5T_range_[50, 66]_delta_0,3_time_09,30.csv",initial_sl_-4676_initial_target_6406_final_target_8542.csv
2025-01-30,121.12875,5339.06,6406.88,8542.5,"NIFTY_candle_5T_range_[50, 66]_delta_0,3_time_09,30.csv",initial_sl_-4676_initial_target_6406_final_target_8542.csv
2025-02-06,-212.88,5339.06,6406.88,8542.5,"NIFTY_candle_5T_range_[50, 66]_delta_0,3_time_09,30.csv",initial_sl_-4676_initial_target_6406_final_target_8542.csv
2025-02-13,263.20125,5339.06,6406.88,8542.5,"NIFTY_candle_5T_range_[50, 66]_delta_0,3_time_09,30.csv",initial_sl_-4676_initial_target_6406_final_target_8542.csv
2025-02-20,91.21875,5339.06,6406.88,8542.5,"NIFTY_candle_5T_range_[50, 66]_delta_0,3_time_09,30.csv",initial_sl_-4676_initial_target_6406_final_target_8542.csv
2025-02-27,27.65,5339.06,6406.88,8542.5,"NIFTY_candle_5T_range_[50, 66]_delta_0,3_time_09,30.csv",initial_sl_-4676_initial_target_6406_final_target_8542.csv
2025-03-06,-513.78,5339.06,6406.88,8542.5,"NIFTY_candle_5T_range_[50, 66]_delta_0,3_time_09,30.csv",initial_sl_-4676_initial_target_6406_final_target_8542.csv
2025-03-13,-186.55125,5339.06,6406.88,8542.5,"NIFTY_candle_5T_range_[50, 66]_delta_0,3_time_09,30.csv",initial_sl_-4676_initial_target_6406_final_target_8542.csv
2025-03-20,-92.52,5339.06,6406.88,8542.5,"NIFTY_candle_5T_range_[50, 66]_delta_0,3_time_09,30.csv",initial_sl_-4676_initial_target_6406_final_target_8542.csv
2025-03-27,-81.23625,5339.06,6406.88,8542.5,"NIFTY_candle_5T_range_[50, 66]_delta_0,3_time_09,30.csv",initial_sl_-4676_initial_target_6406_final_target_8542.csv
2025-04-03,8.9,5339.06,6406.88,8542.5,"NIFTY_candle_5T_range_[50, 66]_delta_0,3_time_09,30.csv",initial_sl_-4676_initial_target_6406_final_target_8542.csv
2025-04-09,382.84125,5339.06,6406.88,8542.5,"NIFTY_candle_5T_range_[50, 66]_delta_0,3_time_09,30.csv",initial_sl_-4676_initial_target_6406_final_target_8542.csv
2025-04-17,-54.9075,5339.06,6406.88,8542.5,"NIFTY_candle_5T_range_[50, 66]_delta_0,3_time_09,30.csv",initial_sl_-4676_initial_target_6406_final_target_8542.csv
